ch_1_SPECTRO_GRAPH;ch_1_SPECTRO;1
ch_1_ADC;1500;0;1e+06
333.333;0;0
1000;0;0
1666.67;0;0
2333.33;0;0
3000;0;0
3666.67;0;0
4333.33;0;0
5000;0;0
5666.67;3;1.73205
6333.33;5;2.23607
7000;9;3
7666.67;7;2.64575
8333.33;7;2.64575
9000;6;2.44949
9666.67;10;3.16228
10333.3;10;3.16228
11000;17;4.12311
11666.7;20;4.47214
12333.3;15;3.87298
13000;32;5.65685
13666.7;20;4.47214
14333.3;26;5.09902
15000;36;6
15666.7;23;4.79583
16333.3;23;4.79583
17000;32;5.65685
17666.7;29;5.38516
18333.3;26;5.09902
19000;37;6.08276
19666.7;39;6.245
20333.3;30;5.47723
21000;24;4.89898
21666.7;26;5.09902
22333.3;32;5.65685
23000;26;5.09902
23666.7;27;5.19615
24333.3;20;4.47214
25000;15;3.87298
25666.7;23;4.79583
26333.3;26;5.09902
27000;30;5.47723
27666.7;19;4.3589
28333.3;20;4.47214
29000;18;4.24264
29666.7;16;4
30333.3;18;4.24264
31000;13;3.60555
31666.7;9;3
32333.3;18;4.24264
33000;11;3.31662
33666.7;10;3.16228
34333.3;11;3.31662
35000;13;3.60555
35666.7;13;3.60555
36333.3;8;2.82843
37000;8;2.82843
37666.7;6;2.44949
38333.3;9;3
39000;14;3.74166
39666.7;2;1.41421
40333.3;9;3
41000;6;2.44949
41666.7;8;2.82843
42333.3;6;2.44949
43000;7;2.64575
43666.7;8;2.82843
44333.3;12;3.4641
45000;8;2.82843
45666.7;2;1.41421
46333.3;8;2.82843
47000;2;1.41421
47666.7;1;1
48333.3;3;1.73205
49000;3;1.73205
49666.7;3;1.73205
50333.3;0;0
51000;4;2
51666.7;5;2.23607
52333.3;2;1.41421
53000;1;1
53666.7;4;2
54333.3;8;2.82843
55000;3;1.73205
55666.7;6;2.44949
56333.3;2;1.41421
57000;0;0
57666.7;1;1
58333.3;2;1.41421
59000;2;1.41421
59666.7;1;1
60333.3;2;1.41421
61000;0;0
61666.7;2;1.41421
62333.3;3;1.73205
63000;0;0
63666.7;4;2
64333.3;3;1.73205
65000;3;1.73205
65666.7;1;1
66333.3;2;1.41421
67000;1;1
67666.7;0;0
68333.3;1;1
69000;1;1
69666.7;3;1.73205
70333.3;1;1
71000;1;1
71666.7;1;1
72333.3;3;1.73205
73000;0;0
73666.7;1;1
74333.3;6;2.44949
75000;4;2
75666.7;1;1
76333.3;2;1.41421
77000;2;1.41421
77666.7;0;0
78333.3;0;0
79000;4;2
79666.7;2;1.41421
80333.3;2;1.41421
81000;0;0
81666.7;1;1
82333.3;0;0
83000;3;1.73205
83666.7;2;1.41421
84333.3;2;1.41421
85000;2;1.41421
85666.7;1;1
86333.3;2;1.41421
87000;2;1.41421
87666.7;0;0
88333.3;1;1
89000;1;1
89666.7;2;1.41421
90333.3;3;1.73205
91000;1;1
91666.7;1;1
92333.3;2;1.41421
93000;0;0
93666.7;0;0
94333.3;1;1
95000;0;0
95666.7;1;1
96333.3;2;1.41421
97000;2;1.41421
97666.7;0;0
98333.3;0;0
99000;3;1.73205
99666.7;0;0
100333;1;1
101000;0;0
101667;2;1.41421
102333;2;1.41421
103000;0;0
103667;1;1
104333;0;0
105000;0;0
105667;1;1
106333;0;0
107000;1;1
107667;1;1
108333;2;1.41421
109000;0;0
109667;2;1.41421
110333;1;1
111000;1;1
111667;0;0
112333;2;1.41421
113000;0;0
113667;2;1.41421
114333;0;0
115000;1;1
115667;2;1.41421
116333;2;1.41421
117000;1;1
117667;2;1.41421
118333;1;1
119000;0;0
119667;1;1
120333;1;1
121000;0;0
121667;2;1.41421
122333;3;1.73205
123000;0;0
123667;1;1
124333;1;1
125000;0;0
125667;3;1.73205
126333;1;1
127000;3;1.73205
127667;0;0
128333;0;0
129000;0;0
129667;1;1
130333;1;1
131000;2;1.41421
131667;1;1
132333;2;1.41421
133000;2;1.41421
133667;3;1.73205
134333;0;0
135000;2;1.41421
135667;1;1
136333;2;1.41421
137000;1;1
137667;3;1.73205
138333;0;0
139000;3;1.73205
139667;0;0
140333;2;1.41421
141000;1;1
141667;2;1.41421
142333;0;0
143000;2;1.41421
143667;0;0
144333;0;0
145000;1;1
145667;3;1.73205
146333;1;1
147000;1;1
147667;1;1
148333;2;1.41421
149000;1;1
149667;1;1
150333;2;1.41421
151000;2;1.41421
151667;1;1
152333;0;0
153000;1;1
153667;0;0
154333;2;1.41421
155000;2;1.41421
155667;1;1
156333;2;1.41421
157000;5;2.23607
157667;0;0
158333;4;2
159000;1;1
159667;3;1.73205
160333;1;1
161000;0;0
161667;1;1
162333;1;1
163000;3;1.73205
163667;0;0
164333;1;1
165000;0;0
165667;1;1
166333;1;1
167000;0;0
167667;1;1
168333;2;1.41421
169000;0;0
169667;0;0
170333;0;0
171000;1;1
171667;1;1
172333;0;0
173000;1;1
173667;0;0
174333;0;0
175000;0;0
175667;1;1
176333;1;1
177000;1;1
177667;1;1
178333;1;1
179000;2;1.41421
179667;1;1
180333;1;1
181000;1;1
181667;1;1
182333;2;1.41421
183000;1;1
183667;1;1
184333;3;1.73205
185000;1;1
185667;2;1.41421
186333;0;0
187000;2;1.41421
187667;0;0
188333;1;1
189000;1;1
189667;1;1
190333;2;1.41421
191000;2;1.41421
191667;2;1.41421
192333;4;2
193000;0;0
193667;2;1.41421
194333;0;0
195000;1;1
195667;0;0
196333;2;1.41421
197000;0;0
197667;0;0
198333;4;2
199000;3;1.73205
199667;1;1
200333;1;1
201000;2;1.41421
201667;2;1.41421
202333;4;2
203000;5;2.23607
203667;2;1.41421
204333;2;1.41421
205000;3;1.73205
205667;0;0
206333;0;0
207000;0;0
207667;0;0
208333;0;0
209000;1;1
209667;2;1.41421
210333;1;1
211000;1;1
211667;4;2
212333;0;0
213000;1;1
213667;2;1.41421
214333;2;1.41421
215000;0;0
215667;3;1.73205
216333;1;1
217000;1;1
217667;3;1.73205
218333;2;1.41421
219000;0;0
219667;1;1
220333;3;1.73205
221000;1;1
221667;3;1.73205
222333;0;0
223000;2;1.41421
223667;1;1
224333;3;1.73205
225000;4;2
225667;1;1
226333;1;1
227000;0;0
227667;2;1.41421
228333;0;0
229000;1;1
229667;2;1.41421
230333;1;1
231000;0;0
231667;0;0
232333;3;1.73205
233000;0;0
233667;1;1
234333;1;1
235000;2;1.41421
235667;0;0
236333;3;1.73205
237000;1;1
237667;1;1
238333;0;0
239000;3;1.73205
239667;2;1.41421
240333;2;1.41421
241000;2;1.41421
241667;0;0
242333;0;0
243000;3;1.73205
243667;0;0
244333;1;1
245000;0;0
245667;3;1.73205
246333;3;1.73205
247000;0;0
247667;1;1
248333;1;1
249000;1;1
249667;2;1.41421
250333;3;1.73205
251000;0;0
251667;1;1
252333;2;1.41421
253000;0;0
253667;1;1
254333;0;0
255000;3;1.73205
255667;0;0
256333;0;0
257000;1;1
257667;0;0
258333;1;1
259000;1;1
259667;1;1
260333;2;1.41421
261000;1;1
261667;2;1.41421
262333;3;1.73205
263000;1;1
263667;0;0
264333;2;1.41421
265000;2;1.41421
265667;1;1
266333;0;0
267000;0;0
267667;1;1
268333;2;1.41421
269000;2;1.41421
269667;0;0
270333;0;0
271000;1;1
271667;0;0
272333;3;1.73205
273000;1;1
273667;3;1.73205
274333;1;1
275000;2;1.41421
275667;1;1
276333;1;1
277000;2;1.41421
277667;0;0
278333;1;1
279000;0;0
279667;1;1
280333;1;1
281000;1;1
281667;0;0
282333;0;0
283000;0;0
283667;0;0
284333;1;1
285000;1;1
285667;1;1
286333;0;0
287000;1;1
287667;0;0
288333;1;1
289000;1;1
289667;3;1.73205
290333;2;1.41421
291000;1;1
291667;2;1.41421
292333;1;1
293000;0;0
293667;2;1.41421
294333;1;1
295000;0;0
295667;1;1
296333;2;1.41421
297000;1;1
297667;2;1.41421
298333;3;1.73205
299000;0;0
299667;1;1
300333;0;0
301000;0;0
301667;0;0
302333;2;1.41421
303000;1;1
303667;2;1.41421
304333;2;1.41421
305000;1;1
305667;0;0
306333;0;0
307000;2;1.41421
307667;1;1
308333;0;0
309000;0;0
309667;5;2.23607
310333;1;1
311000;1;1
311667;0;0
312333;3;1.73205
313000;1;1
313667;0;0
314333;2;1.41421
315000;2;1.41421
315667;1;1
316333;0;0
317000;2;1.41421
317667;3;1.73205
318333;1;1
319000;1;1
319667;1;1
320333;1;1
321000;0;0
321667;0;0
322333;1;1
323000;1;1
323667;0;0
324333;0;0
325000;1;1
325667;2;1.41421
326333;2;1.41421
327000;0;0
327667;0;0
328333;2;1.41421
329000;0;0
329667;2;1.41421
330333;2;1.41421
331000;1;1
331667;3;1.73205
332333;2;1.41421
333000;1;1
333667;0;0
334333;0;0
335000;0;0
335667;2;1.41421
336333;0;0
337000;0;0
337667;3;1.73205
338333;1;1
339000;2;1.41421
339667;0;0
340333;2;1.41421
341000;1;1
341667;5;2.23607
342333;3;1.73205
343000;2;1.41421
343667;3;1.73205
344333;5;2.23607
345000;0;0
345667;3;1.73205
346333;0;0
347000;2;1.41421
347667;0;0
348333;0;0
349000;4;2
349667;0;0
350333;1;1
351000;1;1
351667;0;0
352333;1;1
353000;1;1
353667;0;0
354333;2;1.41421
355000;2;1.41421
355667;1;1
356333;2;1.41421
357000;1;1
357667;2;1.41421
358333;1;1
359000;0;0
359667;1;1
360333;1;1
361000;1;1
361667;2;1.41421
362333;1;1
363000;2;1.41421
363667;2;1.41421
364333;1;1
365000;1;1
365667;1;1
366333;2;1.41421
367000;4;2
367667;5;2.23607
368333;2;1.41421
369000;3;1.73205
369667;0;0
370333;1;1
371000;1;1
371667;2;1.41421
372333;2;1.41421
373000;0;0
373667;1;1
374333;3;1.73205
375000;1;1
375667;2;1.41421
376333;2;1.41421
377000;1;1
377667;0;0
378333;0;0
379000;1;1
379667;0;0
380333;2;1.41421
381000;2;1.41421
381667;1;1
382333;1;1
383000;0;0
383667;4;2
384333;2;1.41421
385000;1;1
385667;2;1.41421
386333;0;0
387000;2;1.41421
387667;1;1
388333;0;0
389000;1;1
389667;3;1.73205
390333;1;1
391000;4;2
391667;2;1.41421
392333;0;0
393000;0;0
393667;3;1.73205
394333;2;1.41421
395000;0;0
395667;1;1
396333;2;1.41421
397000;1;1
397667;1;1
398333;1;1
399000;4;2
399667;0;0
400333;1;1
401000;0;0
401667;1;1
402333;1;1
403000;1;1
403667;2;1.41421
404333;2;1.41421
405000;0;0
405667;6;2.44949
406333;2;1.41421
407000;2;1.41421
407667;0;0
408333;0;0
409000;0;0
409667;1;1
410333;1;1
411000;0;0
411667;0;0
412333;1;1
413000;0;0
413667;1;1
414333;1;1
415000;0;0
415667;1;1
416333;4;2
417000;1;1
417667;0;0
418333;0;0
419000;0;0
419667;2;1.41421
420333;2;1.41421
421000;1;1
421667;3;1.73205
422333;1;1
423000;0;0
423667;1;1
424333;2;1.41421
425000;0;0
425667;1;1
426333;1;1
427000;1;1
427667;1;1
428333;2;1.41421
429000;2;1.41421
429667;0;0
430333;5;2.23607
431000;1;1
431667;1;1
432333;0;0
433000;2;1.41421
433667;0;0
434333;2;1.41421
435000;2;1.41421
435667;3;1.73205
436333;2;1.41421
437000;0;0
437667;0;0
438333;0;0
439000;6;2.44949
439667;1;1
440333;2;1.41421
441000;1;1
441667;0;0
442333;2;1.41421
443000;1;1
443667;0;0
444333;2;1.41421
445000;0;0
445667;1;1
446333;0;0
447000;0;0
447667;2;1.41421
448333;2;1.41421
449000;0;0
449667;0;0
450333;1;1
451000;2;1.41421
451667;1;1
452333;0;0
453000;1;1
453667;3;1.73205
454333;2;1.41421
455000;0;0
455667;1;1
456333;1;1
457000;1;1
457667;1;1
458333;2;1.41421
459000;1;1
459667;3;1.73205
460333;2;1.41421
461000;3;1.73205
461667;1;1
462333;0;0
463000;1;1
463667;2;1.41421
464333;1;1
465000;0;0
465667;0;0
466333;0;0
467000;2;1.41421
467667;3;1.73205
468333;3;1.73205
469000;3;1.73205
469667;3;1.73205
470333;0;0
471000;3;1.73205
471667;1;1
472333;1;1
473000;0;0
473667;6;2.44949
474333;3;1.73205
475000;1;1
475667;2;1.41421
476333;0;0
477000;1;1
477667;0;0
478333;3;1.73205
479000;2;1.41421
479667;0;0
480333;1;1
481000;1;1
481667;2;1.41421
482333;1;1
483000;5;2.23607
483667;0;0
484333;1;1
485000;2;1.41421
485667;1;1
486333;1;1
487000;1;1
487667;0;0
488333;1;1
489000;1;1
489667;0;0
490333;1;1
491000;2;1.41421
491667;0;0
492333;1;1
493000;0;0
493667;3;1.73205
494333;1;1
495000;1;1
495667;2;1.41421
496333;3;1.73205
497000;1;1
497667;1;1
498333;2;1.41421
499000;2;1.41421
499667;1;1
500333;1;1
501000;0;0
501667;1;1
502333;0;0
503000;0;0
503667;1;1
504333;1;1
505000;1;1
505667;2;1.41421
506333;4;2
507000;2;1.41421
507667;2;1.41421
508333;0;0
509000;2;1.41421
509667;2;1.41421
510333;0;0
511000;1;1
511667;1;1
512333;2;1.41421
513000;1;1
513667;0;0
514333;0;0
515000;0;0
515667;1;1
516333;0;0
517000;1;1
517667;0;0
518333;1;1
519000;1;1
519667;3;1.73205
520333;1;1
521000;0;0
521667;2;1.41421
522333;2;1.41421
523000;0;0
523667;2;1.41421
524333;1;1
525000;1;1
525667;0;0
526333;2;1.41421
527000;2;1.41421
527667;0;0
528333;2;1.41421
529000;2;1.41421
529667;1;1
530333;1;1
531000;1;1
531667;0;0
532333;2;1.41421
533000;1;1
533667;1;1
534333;3;1.73205
535000;0;0
535667;1;1
536333;1;1
537000;0;0
537667;0;0
538333;0;0
539000;1;1
539667;2;1.41421
540333;1;1
541000;1;1
541667;3;1.73205
542333;0;0
543000;1;1
543667;1;1
544333;0;0
545000;0;0
545667;1;1
546333;1;1
547000;1;1
547667;0;0
548333;2;1.41421
549000;0;0
549667;1;1
550333;2;1.41421
551000;3;1.73205
551667;2;1.41421
552333;2;1.41421
553000;0;0
553667;4;2
554333;3;1.73205
555000;1;1
555667;2;1.41421
556333;0;0
557000;0;0
557667;2;1.41421
558333;0;0
559000;0;0
559667;1;1
560333;1;1
561000;1;1
561667;0;0
562333;1;1
563000;1;1
563667;0;0
564333;2;1.41421
565000;1;1
565667;1;1
566333;3;1.73205
567000;0;0
567667;0;0
568333;2;1.41421
569000;1;1
569667;1;1
570333;0;0
571000;0;0
571667;1;1
572333;1;1
573000;0;0
573667;1;1
574333;2;1.41421
575000;0;0
575667;1;1
576333;0;0
577000;2;1.41421
577667;0;0
578333;1;1
579000;1;1
579667;1;1
580333;1;1
581000;1;1
581667;1;1
582333;0;0
583000;4;2
583667;0;0
584333;0;0
585000;0;0
585667;1;1
586333;0;0
587000;4;2
587667;2;1.41421
588333;1;1
589000;2;1.41421
589667;2;1.41421
590333;2;1.41421
591000;2;1.41421
591667;1;1
592333;2;1.41421
593000;2;1.41421
593667;1;1
594333;1;1
595000;2;1.41421
595667;1;1
596333;3;1.73205
597000;1;1
597667;0;0
598333;1;1
599000;1;1
599667;1;1
600333;0;0
601000;1;1
601667;2;1.41421
602333;0;0
603000;1;1
603667;0;0
604333;0;0
605000;1;1
605667;2;1.41421
606333;2;1.41421
607000;1;1
607667;0;0
608333;3;1.73205
609000;2;1.41421
609667;0;0
610333;1;1
611000;2;1.41421
611667;1;1
612333;0;0
613000;2;1.41421
613667;2;1.41421
614333;3;1.73205
615000;0;0
615667;1;1
616333;1;1
617000;2;1.41421
617667;1;1
618333;0;0
619000;0;0
619667;1;1
620333;0;0
621000;2;1.41421
621667;0;0
622333;1;1
623000;0;0
623667;1;1
624333;0;0
625000;1;1
625667;1;1
626333;3;1.73205
627000;1;1
627667;4;2
628333;3;1.73205
629000;2;1.41421
629667;1;1
630333;0;0
631000;0;0
631667;2;1.41421
632333;1;1
633000;1;1
633667;1;1
634333;1;1
635000;0;0
635667;0;0
636333;1;1
637000;1;1
637667;3;1.73205
638333;0;0
639000;0;0
639667;0;0
640333;1;1
641000;0;0
641667;3;1.73205
642333;3;1.73205
643000;5;2.23607
643667;1;1
644333;1;1
645000;2;1.41421
645667;0;0
646333;3;1.73205
647000;1;1
647667;1;1
648333;0;0
649000;1;1
649667;3;1.73205
650333;0;0
651000;1;1
651667;0;0
652333;1;1
653000;2;1.41421
653667;3;1.73205
654333;1;1
655000;2;1.41421
655667;1;1
656333;2;1.41421
657000;1;1
657667;3;1.73205
658333;1;1
659000;3;1.73205
659667;0;0
660333;0;0
661000;1;1
661667;1;1
662333;1;1
663000;2;1.41421
663667;1;1
664333;1;1
665000;2;1.41421
665667;2;1.41421
666333;2;1.41421
667000;1;1
667667;2;1.41421
668333;2;1.41421
669000;4;2
669667;2;1.41421
670333;0;0
671000;1;1
671667;1;1
672333;1;1
673000;1;1
673667;1;1
674333;3;1.73205
675000;3;1.73205
675667;2;1.41421
676333;5;2.23607
677000;0;0
677667;1;1
678333;2;1.41421
679000;0;0
679667;1;1
680333;4;2
681000;0;0
681667;3;1.73205
682333;1;1
683000;1;1
683667;0;0
684333;1;1
685000;3;1.73205
685667;5;2.23607
686333;3;1.73205
687000;0;0
687667;0;0
688333;2;1.41421
689000;0;0
689667;3;1.73205
690333;0;0
691000;3;1.73205
691667;1;1
692333;0;0
693000;3;1.73205
693667;0;0
694333;2;1.41421
695000;2;1.41421
695667;1;1
696333;1;1
697000;1;1
697667;3;1.73205
698333;1;1
699000;0;0
699667;2;1.41421
700333;2;1.41421
701000;4;2
701667;1;1
702333;1;1
703000;2;1.41421
703667;1;1
704333;0;0
705000;1;1
705667;3;1.73205
706333;1;1
707000;2;1.41421
707667;0;0
708333;1;1
709000;0;0
709667;0;0
710333;1;1
711000;1;1
711667;1;1
712333;0;0
713000;1;1
713667;2;1.41421
714333;0;0
715000;1;1
715667;0;0
716333;2;1.41421
717000;5;2.23607
717667;1;1
718333;1;1
719000;2;1.41421
719667;1;1
720333;1;1
721000;1;1
721667;0;0
722333;2;1.41421
723000;1;1
723667;1;1
724333;1;1
725000;0;0
725667;2;1.41421
726333;0;0
727000;1;1
727667;0;0
728333;0;0
729000;2;1.41421
729667;3;1.73205
730333;1;1
731000;0;0
731667;2;1.41421
732333;2;1.41421
733000;2;1.41421
733667;0;0
734333;2;1.41421
735000;0;0
735667;2;1.41421
736333;0;0
737000;2;1.41421
737667;1;1
738333;0;0
739000;3;1.73205
739667;0;0
740333;1;1
741000;1;1
741667;1;1
742333;2;1.41421
743000;1;1
743667;1;1
744333;0;0
745000;2;1.41421
745667;0;0
746333;0;0
747000;0;0
747667;0;0
748333;2;1.41421
749000;3;1.73205
749667;1;1
750333;0;0
751000;3;1.73205
751667;1;1
752333;1;1
753000;0;0
753667;0;0
754333;2;1.41421
755000;3;1.73205
755667;2;1.41421
756333;1;1
757000;1;1
757667;2;1.41421
758333;3;1.73205
759000;0;0
759667;2;1.41421
760333;1;1
761000;1;1
761667;2;1.41421
762333;2;1.41421
763000;1;1
763667;0;0
764333;3;1.73205
765000;1;1
765667;0;0
766333;1;1
767000;2;1.41421
767667;0;0
768333;1;1
769000;1;1
769667;2;1.41421
770333;1;1
771000;0;0
771667;0;0
772333;1;1
773000;2;1.41421
773667;0;0
774333;4;2
775000;1;1
775667;2;1.41421
776333;4;2
777000;1;1
777667;4;2
778333;1;1
779000;5;2.23607
779667;0;0
780333;4;2
781000;1;1
781667;0;0
782333;0;0
783000;3;1.73205
783667;0;0
784333;3;1.73205
785000;1;1
785667;1;1
786333;1;1
787000;1;1
787667;2;1.41421
788333;0;0
789000;1;1
789667;1;1
790333;2;1.41421
791000;2;1.41421
791667;5;2.23607
792333;2;1.41421
793000;0;0
793667;0;0
794333;1;1
795000;3;1.73205
795667;2;1.41421
796333;0;0
797000;0;0
797667;2;1.41421
798333;0;0
799000;2;1.41421
799667;1;1
800333;0;0
801000;0;0
801667;1;1
802333;0;0
803000;2;1.41421
803667;1;1
804333;0;0
805000;5;2.23607
805667;6;2.44949
806333;3;1.73205
807000;0;0
807667;1;1
808333;1;1
809000;1;1
809667;3;1.73205
810333;1;1
811000;1;1
811667;1;1
812333;2;1.41421
813000;2;1.41421
813667;0;0
814333;2;1.41421
815000;1;1
815667;1;1
816333;3;1.73205
817000;2;1.41421
817667;3;1.73205
818333;2;1.41421
819000;3;1.73205
819667;0;0
820333;1;1
821000;2;1.41421
821667;4;2
822333;3;1.73205
823000;0;0
823667;1;1
824333;0;0
825000;3;1.73205
825667;1;1
826333;1;1
827000;1;1
827667;2;1.41421
828333;0;0
829000;2;1.41421
829667;1;1
830333;2;1.41421
831000;2;1.41421
831667;1;1
832333;0;0
833000;1;1
833667;3;1.73205
834333;2;1.41421
835000;0;0
835667;0;0
836333;5;2.23607
837000;0;0
837667;0;0
838333;1;1
839000;0;0
839667;0;0
840333;4;2
841000;4;2
841667;1;1
842333;1;1
843000;0;0
843667;0;0
844333;0;0
845000;3;1.73205
845667;1;1
846333;3;1.73205
847000;1;1
847667;2;1.41421
848333;1;1
849000;0;0
849667;1;1
850333;0;0
851000;0;0
851667;0;0
852333;1;1
853000;0;0
853667;1;1
854333;1;1
855000;3;1.73205
855667;3;1.73205
856333;4;2
857000;0;0
857667;2;1.41421
858333;1;1
859000;1;1
859667;4;2
860333;0;0
861000;0;0
861667;1;1
862333;1;1
863000;0;0
863667;4;2
864333;1;1
865000;0;0
865667;0;0
866333;0;0
867000;0;0
867667;1;1
868333;4;2
869000;3;1.73205
869667;3;1.73205
870333;0;0
871000;0;0
871667;2;1.41421
872333;1;1
873000;2;1.41421
873667;1;1
874333;0;0
875000;2;1.41421
875667;2;1.41421
876333;2;1.41421
877000;0;0
877667;0;0
878333;2;1.41421
879000;1;1
879667;1;1
880333;2;1.41421
881000;0;0
881667;1;1
882333;2;1.41421
883000;2;1.41421
883667;1;1
884333;2;1.41421
885000;3;1.73205
885667;1;1
886333;2;1.41421
887000;0;0
887667;2;1.41421
888333;1;1
889000;2;1.41421
889667;0;0
890333;3;1.73205
891000;0;0
891667;1;1
892333;1;1
893000;4;2
893667;1;1
894333;1;1
895000;1;1
895667;4;2
896333;4;2
897000;1;1
897667;2;1.41421
898333;1;1
899000;0;0
899667;3;1.73205
900333;2;1.41421
901000;2;1.41421
901667;0;0
902333;1;1
903000;1;1
903667;3;1.73205
904333;1;1
905000;0;0
905667;1;1
906333;0;0
907000;2;1.41421
907667;1;1
908333;2;1.41421
909000;1;1
909667;2;1.41421
910333;2;1.41421
911000;3;1.73205
911667;2;1.41421
912333;7;2.64575
913000;2;1.41421
913667;1;1
914333;2;1.41421
915000;0;0
915667;0;0
916333;2;1.41421
917000;0;0
917667;1;1
918333;2;1.41421
919000;0;0
919667;1;1
920333;1;1
921000;1;1
921667;1;1
922333;1;1
923000;1;1
923667;5;2.23607
924333;0;0
925000;6;2.44949
925667;0;0
926333;1;1
927000;1;1
927667;4;2
928333;2;1.41421
929000;1;1
929667;2;1.41421
930333;1;1
931000;0;0
931667;1;1
932333;0;0
933000;2;1.41421
933667;1;1
934333;5;2.23607
935000;0;0
935667;0;0
936333;1;1
937000;0;0
937667;2;1.41421
938333;1;1
939000;1;1
939667;2;1.41421
940333;0;0
941000;1;1
941667;3;1.73205
942333;3;1.73205
943000;2;1.41421
943667;2;1.41421
944333;1;1
945000;1;1
945667;2;1.41421
946333;2;1.41421
947000;2;1.41421
947667;1;1
948333;0;0
949000;1;1
949667;0;0
950333;1;1
951000;2;1.41421
951667;0;0
952333;1;1
953000;3;1.73205
953667;1;1
954333;3;1.73205
955000;1;1
955667;2;1.41421
956333;0;0
957000;3;1.73205
957667;1;1
958333;1;1
959000;1;1
959667;1;1
960333;3;1.73205
961000;2;1.41421
961667;0;0
962333;0;0
963000;2;1.41421
963667;1;1
964333;4;2
965000;0;0
965667;3;1.73205
966333;1;1
967000;1;1
967667;4;2
968333;1;1
969000;0;0
969667;2;1.41421
970333;0;0
971000;3;1.73205
971667;2;1.41421
972333;3;1.73205
973000;1;1
973667;3;1.73205
974333;1;1
975000;2;1.41421
975667;0;0
976333;0;0
977000;2;1.41421
977667;0;0
978333;3;1.73205
979000;1;1
979667;1;1
980333;2;1.41421
981000;1;1
981667;0;0
982333;3;1.73205
983000;0;0
983667;2;1.41421
984333;0;0
985000;2;1.41421
985667;2;1.41421
986333;1;1
987000;2;1.41421
987667;1;1
988333;2;1.41421
989000;1;1
989667;0;0
990333;1;1
991000;1;1
991667;1;1
992333;0;0
993000;2;1.41421
993667;1;1
994333;1;1
995000;2;1.41421
995667;1;1
996333;1;1
997000;3;1.73205
997667;2;1.41421
998333;0;0
999000;1;1
999667;2;1.41421
