ch_1_SPECTRO_GRAPH;ch_1_SPECTRO;1
ch_1_ADC;3000;0;1e+06
166.667;0;0
500;0;0
833.333;0;0
1166.67;0;0
1500;0;0
1833.33;0;0
2166.67;0;0
2500;0;0
2833.33;0;0
3166.67;0;0
3500;0;0
3833.33;0;0
4166.67;0;0
4500;0;0
4833.33;0;0
5166.67;0;0
5500;0;0
5833.33;0;0
6166.67;0;0
6500;0;0
6833.33;0;0
7166.67;0;0
7500;0;0
7833.33;0;0
8166.67;0;0
8500;0;0
8833.33;0;0
9166.67;0;0
9500;0;0
9833.33;0;0
10166.7;0;0
10500;0;0
10833.3;0;0
11166.7;0;0
11500;0;0
11833.3;0;0
12166.7;0;0
12500;0;0
12833.3;0;0
13166.7;0;0
13500;0;0
13833.3;0;0
14166.7;0;0
14500;0;0
14833.3;0;0
15166.7;0;0
15500;0;0
15833.3;0;0
16166.7;0;0
16500;0;0
16833.3;0;0
17166.7;0;0
17500;0;0
17833.3;0;0
18166.7;0;0
18500;0;0
18833.3;0;0
19166.7;0;0
19500;0;0
19833.3;18126;134.633
20166.7;4385;66.2193
20500;7105;84.2912
20833.3;6591;81.185
21166.7;4380;66.1816
21500;6844;82.7285
21833.3;4345;65.9166
22166.7;6319;79.4921
22500;5921;76.948
22833.3;4094;63.9844
23166.7;5790;76.092
23500;4009;63.3167
23833.3;5543;74.4513
24166.7;5208;72.1665
24500;3305;57.4891
24833.3;4888;69.9142
25166.7;3076;55.4617
25500;4518;67.2161
25833.3;4250;65.192
26166.7;2593;50.9215
26500;3810;61.7252
26833.3;2529;50.2892
27166.7;3547;59.5567
27500;3707;60.8851
27833.3;2259;47.5289
28166.7;3242;56.9386
28500;2134;46.1952
28833.3;3264;57.1314
29166.7;2993;54.7083
29500;1950;44.1588
29833.3;2939;54.2125
30166.7;1908;43.6807
30500;2589;50.8822
30833.3;2586;50.8527
31166.7;1636;40.4475
31500;2719;52.144
31833.3;1724;41.5211
32166.7;2584;50.8331
32500;2570;50.6952
32833.3;1665;40.8044
33166.7;2547;50.4678
33500;2622;51.2055
33833.3;1710;41.3521
34166.7;2447;49.4672
34500;1627;40.3361
34833.3;2514;50.1398
35166.7;2450;49.4975
35500;1726;41.5452
35833.3;2619;51.1762
36166.7;1700;41.2311
36500;2441;49.4065
36833.3;2671;51.6817
37166.7;1656;40.694
37500;2460;49.5984
37833.3;1755;41.8927
38166.7;2584;50.8331
38500;2442;49.4166
38833.3;1593;39.9124
39166.7;2510;50.0999
39500;1650;40.6202
39833.3;2547;50.4678
40166.7;2482;49.8197
40500;1635;40.4351
40833.3;2442;49.4166
41166.7;1671;40.8779
41500;2475;49.7494
41833.3;2625;51.2348
42166.7;1839;42.8836
42500;2623;51.2152
42833.3;1646;40.5709
43166.7;2654;51.517
43500;2708;52.0384
43833.3;1879;43.3474
44166.7;2700;51.9615
44500;1812;42.5676
44833.3;2721;52.1632
45166.7;2903;53.8795
45500;1829;42.7668
45833.3;2880;53.6656
46166.7;1987;44.5758
46500;2949;54.3047
46833.3;2864;53.5164
47166.7;1861;43.1393
47500;2835;53.2447
47833.3;1901;43.6005
48166.7;3082;55.5158
48500;2947;54.2863
48833.3;2016;44.8999
49166.7;3047;55.1996
49500;2932;54.1479
49833.3;1960;44.2719
50166.7;3066;55.3715
50500;2008;44.8107
50833.3;3002;54.7905
51166.7;2955;54.3599
51500;1937;44.0114
51833.3;2974;54.5344
52166.7;2048;45.2548
52500;3017;54.9272
52833.3;2812;53.0283
53166.7;2066;45.4533
53500;2920;54.037
53833.3;1887;43.4396
54166.7;2973;54.5252
54500;2977;54.5619
54833.3;1830;42.7785
55166.7;2783;52.7541
55500;1862;43.1509
55833.3;2783;52.7541
56166.7;2857;53.4509
56500;1783;42.2256
56833.3;2851;53.3948
57166.7;2004;44.7661
57500;2744;52.3832
57833.3;2598;50.9706
58166.7;1781;42.2019
58500;2824;53.1413
58833.3;1802;42.45
59166.7;2782;52.7447
59500;2771;52.6403
59833.3;1763;41.9881
60166.7;2868;53.5537
60500;1905;43.6463
60833.3;2910;53.9444
61166.7;2746;52.4023
61500;2026;45.0111
61833.3;2689;51.8556
62166.7;1913;43.7379
62500;2800;52.915
62833.3;2732;52.2685
63166.7;1885;43.4166
63500;2638;51.3615
63833.3;1798;42.4028
64166.7;2797;52.8867
64500;2719;52.144
64833.3;1809;42.5323
65166.7;2706;52.0192
65500;2715;52.1057
65833.3;1824;42.7083
66166.7;2846;53.3479
66500;1934;43.9773
66833.3;2849;53.376
67166.7;2784;52.7636
67500;1879;43.3474
67833.3;2779;52.7162
68166.7;1856;43.0813
68500;2835;53.2447
68833.3;2930;54.1295
69166.7;1933;43.9659
69500;3185;56.4358
69833.3;2041;45.1774
70166.7;2877;53.6377
70500;2976;54.5527
70833.3;1931;43.9431
71166.7;2887;53.7308
71500;1939;44.0341
71833.3;2922;54.0555
72166.7;2972;54.5161
72500;2005;44.7772
72833.3;2939;54.2125
73166.7;2014;44.8776
73500;3042;55.1543
73833.3;3037;55.109
74166.7;2095;45.7712
74500;2864;53.5164
74833.3;1868;43.2204
75166.7;3040;55.1362
75500;3055;55.2721
75833.3;2082;45.6289
76166.7;3090;55.5878
76500;1965;44.3283
76833.3;3241;56.9298
77166.7;3194;56.5155
77500;2136;46.2169
77833.3;3369;58.0431
78166.7;2027;45.0222
78500;3162;56.2317
78833.3;3194;56.5155
79166.7;2100;45.8258
79500;3226;56.7979
79833.3;2070;45.4973
80166.7;3224;56.7803
80500;3180;56.3915
80833.3;2175;46.6369
81166.7;3250;57.0088
81500;3262;57.1139
81833.3;2168;46.5618
82166.7;3253;57.0351
82500;2202;46.9255
82833.3;3326;57.6715
83166.7;3268;57.1664
83500;2143;46.2925
83833.3;3271;57.1927
84166.7;2236;47.2864
84500;3257;57.0701
84833.3;3441;58.66
85166.7;2158;46.4543
85500;3363;57.9914
85833.3;2522;50.2195
86166.7;3502;59.1777
86500;3312;57.55
86833.3;2353;48.5077
87166.7;3504;59.1946
87500;2310;48.0625
87833.3;3507;59.2199
88166.7;3396;58.2752
88500;2243;47.3603
88833.3;3534;59.4475
89166.7;2258;47.5184
89500;3180;56.3915
89833.3;3091;55.5968
90166.7;2234;47.2652
90500;3439;58.643
90833.3;2388;48.8672
91166.7;3583;59.8582
91500;3469;58.8982
91833.3;2257;47.5079
92166.7;3468;58.8897
92500;2360;48.5798
92833.3;3472;58.9237
93166.7;3574;59.7829
93500;2355;48.5283
93833.3;3589;59.9083
94166.7;2451;49.5076
94500;3808;61.709
94833.3;3583;59.8582
95166.7;2414;49.1325
95500;3539;59.4895
95833.3;2389;48.8774
96166.7;3520;59.3296
96500;3599;59.9917
96833.3;2432;49.3153
97166.7;3672;60.597
97500;3589;59.9083
97833.3;2433;49.3254
98166.7;3646;60.3821
98500;2450;49.4975
98833.3;3699;60.8194
99166.7;3759;61.3107
99500;2490;49.8999
99833.3;3779;61.4736
100167;2411;49.1019
100500;3729;61.0655
100833;3738;61.1392
101167;2689;51.8556
101500;3693;60.7701
101833;2425;49.2443
102167;4115;64.1483
102500;3876;62.2575
102833;2526;50.2593
103167;3951;62.857
103500;2624;51.225
103833;3760;61.3188
104167;3913;62.554
104500;2537;50.3686
104833;3912;62.546
105167;2681;51.7784
105500;4012;63.3404
105833;3823;61.8304
106167;2702;51.9808
106500;3941;62.7774
106833;2718;52.1344
107167;4117;64.1639
107500;4222;64.9769
107833;2743;52.3737
108167;4160;64.4981
108500;2861;53.4883
108833;4165;64.5368
109167;4300;65.5744
109500;2889;53.7494
109833;4199;64.7997
110167;2804;52.9528
110500;4383;66.2042
110833;4503;67.1044
111167;2952;54.3323
111500;4417;66.4605
111833;2892;53.7773
112167;4325;65.7647
112500;4242;65.1306
112833;2839;53.2823
113167;4428;66.5432
113500;4632;68.0588
113833;3013;54.8908
114167;4467;66.8356
114500;3090;55.5878
114833;4448;66.6933
115167;4554;67.4833
115500;3110;55.7674
115833;4761;69
116167;3033;55.0727
116500;4577;67.6535
116833;4646;68.1616
117167;3053;55.254
117500;4719;68.695
117833;3034;55.0818
118167;4658;68.2495
118500;4995;70.6753
118833;3197;56.542
119167;4737;68.8259
119500;3191;56.4889
119833;4764;69.0217
120167;4726;68.7459
120500;3175;56.3471
120833;4640;68.1175
121167;3063;55.3444
121500;4684;68.4398
121833;4801;69.2892
122167;3214;56.6922
122500;4770;69.0652
122833;3110;55.7674
123167;4491;67.0149
123500;4530;67.3053
123833;3241;56.9298
124167;4699;68.5493
124500;3146;56.0892
124833;4548;67.4389
125167;4627;68.0221
125500;3241;56.9298
125833;4848;69.6276
126167;3169;56.2939
126500;4609;67.8896
126833;4936;70.2567
127167;3594;59.95
127500;4908;70.0571
127833;3303;57.4717
128167;4880;69.857
128500;4782;69.152
128833;3246;56.9737
129167;4821;69.4334
129500;4846;69.6132
129833;3370;58.0517
130167;4823;69.4478
130500;3205;56.6127
130833;4742;68.8622
131167;4842;69.5845
131500;3059;55.3082
131833;4817;69.4046
132167;3370;58.0517
132500;4876;69.8284
132833;4728;68.7605
133167;3197;56.542
133500;4961;70.4344
133833;3222;56.7627
134167;4931;70.2211
134500;4740;68.8477
134833;3255;57.0526
135167;5153;71.7844
135500;3192;56.4978
135833;4853;69.6635
136167;4888;69.9142
136500;3251;57.0175
136833;4750;68.9202
137167;3064;55.3534
137500;4711;68.6367
137833;4788;69.1954
138167;3291;57.3672
138500;4649;68.1836
138833;3020;54.9545
139167;4573;67.624
139500;4545;67.4166
139833;3156;56.1783
140167;4669;68.3301
140500;2982;54.6077
140833;4523;67.2533
141167;4567;67.5796
141500;3011;54.8726
141833;4417;66.4605
142167;3238;56.9034
142500;4548;67.4389
142833;4473;66.8805
143167;2949;54.3047
143500;4819;69.419
143833;2956;54.3691
144167;4681;68.4178
144500;4479;66.9253
144833;2878;53.647
145167;4379;66.174
145500;4250;65.192
145833;2836;53.2541
146167;4545;67.4166
146500;2887;53.7308
146833;4374;66.1362
147167;4294;65.5286
147500;2830;53.1977
147833;4225;65
148167;2867;53.5444
148500;4350;65.9545
148833;4188;64.7148
149167;2800;52.915
149500;4130;64.2651
149833;2672;51.6914
150167;4157;64.4748
150500;4104;64.0625
150833;2898;53.8331
151167;4072;63.8122
151500;2944;54.2586
151833;4103;64.0547
152167;4215;64.923
152500;2810;53.0094
152833;3972;63.0238
153167;2627;51.2543
153500;3923;62.6339
153833;3847;62.0242
154167;2605;51.0392
154500;4016;63.3719
154833;2506;50.06
155167;3720;60.9918
155500;3973;63.0317
155833;2656;51.5364
156167;3911;62.538
156500;2680;51.7687
156833;3805;61.6847
157167;3667;60.5558
157500;2424;49.2341
157833;3733;61.0983
158167;2449;49.4874
158500;3765;61.3596
158833;3665;60.5392
159167;2460;49.5984
159500;3728;61.0574
159833;2789;52.811
160167;3774;61.4329
160500;3808;61.709
160833;2486;49.8598
161167;3566;59.716
161500;3617;60.1415
161833;2235;47.2758
162167;3598;59.9833
162500;2416;49.1528
162833;3643;60.3573
163167;3456;58.7878
163500;2357;48.5489
163833;3471;58.9152
164167;2345;48.4252
164500;3494;59.1101
164833;3623;60.1914
165167;2300;47.9583
165500;3427;58.5406
165833;2365;48.6313
166167;3382;58.155
166500;3583;59.8582
166833;2384;48.8262
167167;3422;58.4979
167500;2293;47.8853
167833;3684;60.696
168167;3405;58.3524
168500;2275;47.697
168833;3498;59.1439
169167;2293;47.8853
169500;3338;57.7754
169833;3298;57.4282
170167;2193;46.8295
170500;3305;57.4891
170833;2339;48.3632
171167;3380;58.1378
171500;3170;56.3028
171833;2141;46.2709
172167;3133;55.9732
172500;2053;45.31
172833;3260;57.0964
173167;3405;58.3524
173500;2174;46.6262
173833;3237;56.8946
174167;2230;47.2229
174500;3235;56.8771
174833;3323;57.6455
175167;2197;46.8722
175500;3232;56.8507
175833;2203;46.9361
176167;3427;58.5406
176500;3213;56.6833
176833;2234;47.2652
177167;3260;57.0964
177500;3332;57.7235
177833;2155;46.422
178167;3156;56.1783
178500;2060;45.3872
178833;3105;55.7225
179167;3128;55.9285
179500;2095;45.7712
179833;3185;56.4358
180167;2058;45.3652
180500;3108;55.7494
180833;3102;55.6956
181167;2091;45.7275
181500;3051;55.2359
181833;2086;45.6727
182167;3063;55.3444
182500;3003;54.7996
182833;2048;45.2548
183167;3122;55.8749
183500;2075;45.5522
183833;3028;55.0273
184167;3274;57.2189
184500;1983;44.5309
184833;2989;54.6717
185167;2053;45.31
185500;3069;55.3986
185833;3029;55.0364
186167;1958;44.2493
186500;2918;54.0185
186833;1996;44.6766
187167;3028;55.0273
187500;2974;54.5344
187833;1967;44.3509
188167;2927;54.1018
188500;1968;44.3621
188833;2816;53.066
189167;2889;53.7494
189500;1953;44.1928
189833;2804;52.9528
190167;1908;43.6807
190500;2962;54.4243
190833;2867;53.5444
191167;1915;43.7607
191500;2771;52.6403
191833;1852;43.0349
192167;2826;53.1601
192500;2983;54.6168
192833;1873;43.2782
193167;2771;52.6403
193500;3005;54.8179
193833;1920;43.8178
194167;2882;53.6843
194500;1794;42.3556
194833;2787;52.792
195167;2772;52.6498
195500;1815;42.6028
195833;2694;51.9038
196167;1787;42.2729
196500;2787;52.792
196833;2649;51.4684
197167;1802;42.45
197500;2717;52.1249
197833;1869;43.2319
198167;2696;51.923
198500;2447;49.4672
198833;1830;42.7785
199167;2554;50.5371
199500;1825;42.72
199833;2481;49.8096
200167;2421;49.2037
200500;1806;42.4971
200833;2572;50.7149
201167;1709;41.3401
201500;2562;50.6162
201833;2611;51.0979
202167;1627;40.3361
202500;2486;49.8598
202833;1619;40.2368
203167;2487;49.8698
203500;2590;50.892
203833;1692;41.1339
204167;2517;50.1697
204500;1600;40
204833;2386;48.8467
205167;2471;49.7092
205500;1623;40.2865
205833;2286;47.8121
206167;1559;39.4842
206500;2485;49.8498
206833;2362;48.6004
207167;1578;39.724
207500;2550;50.4975
207833;1625;40.3113
208167;2359;48.5695
208500;2524;50.2394
208833;1532;39.1408
209167;2570;50.6952
209500;2404;49.0306
209833;1561;39.5095
210167;2417;49.163
210500;1587;39.8372
210833;2447;49.4672
211167;2263;47.571
211500;1592;39.8999
211833;2444;49.4368
212167;1571;39.6358
212500;2302;47.9792
212833;2385;48.8365
213167;1587;39.8372
213500;2255;47.4868
213833;1518;38.9615
214167;2226;47.1805
214500;2265;47.592
214833;1516;38.9358
215167;2274;47.6865
215500;1465;38.2753
215833;2321;48.1768
216167;2316;48.1248
216500;1480;38.4708
216833;2492;49.9199
217167;1509;38.8458
217500;2264;47.5815
217833;2350;48.4768
218167;1525;39.0512
218500;2267;47.613
218833;1562;39.5221
219167;2210;47.0106
219500;2230;47.2229
219833;1493;38.6394
220167;2303;47.9896
220500;1459;38.1969
220833;2021;44.9555
221167;2188;46.7761
221500;1430;37.8153
221833;2275;47.697
222167;1611;40.1373
222500;2220;47.1169
222833;2123;46.076
223167;1479;38.4578
223500;2105;45.8803
223833;1500;38.7298
224167;2227;47.1911
224500;2150;46.3681
224833;1457;38.1707
225167;2278;47.7284
225500;2350;48.4768
225833;1497;38.6911
226167;2240;47.3286
226500;1401;37.4299
226833;2220;47.1169
227167;2116;46
227500;1479;38.4578
227833;2147;46.3357
228167;1567;39.5854
228500;2269;47.634
228833;2171;46.594
229167;1480;38.4708
229500;2235;47.2758
229833;1423;37.7227
230167;2197;46.8722
230500;2231;47.2335
230833;1428;37.7889
231167;2186;46.7547
231500;1507;38.8201
231833;2155;46.422
232167;2211;47.0213
232500;1425;37.7492
232833;2214;47.0532
233167;1418;37.6563
233500;2303;47.9896
233833;2178;46.669
234167;1378;37.1214
234500;2194;46.8402
234833;1414;37.6032
235167;2234;47.2652
235500;2063;45.4203
235833;1420;37.6829
236167;2218;47.0956
236500;1457;38.1707
236833;2032;45.0777
237167;2193;46.8295
237500;1394;37.3363
237833;2034;45.0999
238167;1432;37.8418
238500;2293;47.8853
238833;2179;46.6798
239167;1421;37.6962
239500;2116;46
239833;1438;37.921
240167;2157;46.4435
240500;2247;47.4025
240833;1441;37.9605
241167;2167;46.551
241500;2234;47.2652
241833;1545;39.3065
242167;2205;46.9574
242500;1480;38.4708
242833;2201;46.9148
243167;2260;47.5395
243500;1486;38.5487
243833;2161;46.4866
244167;1431;37.8286
244500;2219;47.1063
244833;2169;46.5725
245167;1421;37.6962
245500;2085;45.6618
245833;1474;38.3927
246167;2104;45.8694
246500;2172;46.6047
246833;1427;37.7757
247167;2193;46.8295
247500;1420;37.6829
247833;2284;47.7912
248167;2084;45.6508
248500;1473;38.3797
248833;2172;46.6047
249167;1381;37.1618
249500;2097;45.793
249833;2383;48.816
250167;1347;36.7015
250500;2210;47.0106
250833;1472;38.3667
251167;2106;45.8912
251500;2042;45.1885
251833;1401;37.4299
252167;2088;45.6946
252500;1456;38.1576
252833;2154;46.4112
253167;2176;46.6476
253500;1391;37.2961
253833;2040;45.1664
254167;1428;37.7889
254500;1949;44.1475
254833;2087;45.6837
255167;1427;37.7757
255500;2093;45.7493
255833;1380;37.1484
256167;2102;45.8476
256500;2087;45.6837
256833;1377;37.108
257167;2148;46.3465
257500;2068;45.4753
257833;1413;37.5899
258167;2195;46.8508
258500;1345;36.6742
258833;2030;45.0555
259167;2077;45.5741
259500;1377;37.108
259833;2182;46.7119
260167;1390;37.2827
260500;2042;45.1885
260833;2153;46.4004
261167;1391;37.2961
261500;2072;45.5192
261833;1328;36.4417
262167;2080;45.607
262500;2127;46.1194
262833;1361;36.8917
263167;2068;45.4753
263500;1304;36.1109
263833;2038;45.1442
264167;2044;45.2106
264500;1364;36.9324
264833;1971;44.3959
265167;1369;37
265500;1953;44.1928
265833;1943;44.0795
266167;1438;37.921
266500;1980;44.4972
266833;1293;35.9583
267167;2002;44.7437
267500;1955;44.2154
267833;1303;36.0971
268167;1981;44.5084
268500;1338;36.5787
268833;1911;43.715
269167;2056;45.3431
269500;1321;36.3456
269833;1917;43.7836
270167;1263;35.5387
270500;1848;42.9884
270833;1904;43.6348
271167;1272;35.6651
271500;1851;43.0232
271833;1205;34.7131
272167;1914;43.7493
272500;1872;43.2666
272833;1238;35.1852
273167;2030;45.0555
273500;1817;42.6263
273833;1200;34.641
274167;1829;42.7668
274500;1336;36.5513
274833;1867;43.2088
275167;1942;44.0681
275500;1258;35.4683
275833;1770;42.0714
276167;1206;34.7275
276500;1760;41.9524
276833;1811;42.5558
277167;1194;34.5543
277500;1870;43.2435
277833;1188;34.4674
278167;1797;42.391
278500;1811;42.5558
278833;1218;34.8999
279167;1914;43.7493
279500;1260;35.4965
279833;1897;43.5546
280167;1809;42.5323
280500;1280;35.7771
280833;1901;43.6005
281167;1244;35.2704
281500;1962;44.2945
281833;1869;43.2319
282167;1322;36.3593
282500;2097;45.793
282833;1361;36.8917
283167;1967;44.3509
283500;1940;44.0454
283833;1379;37.1349
284167;2065;45.4423
284500;1464;38.2623
284833;2051;45.288
285167;2242;47.3498
285500;1518;38.9615
285833;2233;47.2546
286167;1497;38.6911
286500;2317;48.1352
286833;2370;48.6826
287167;1538;39.2173
287500;2458;49.5782
287833;1702;41.2553
288167;2447;49.4672
288500;2535;50.3488
288833;1764;42
289167;2596;50.951
289500;2783;52.7541
289833;1823;42.6966
290167;2750;52.4404
290500;1892;43.4971
290833;3185;56.4358
291167;2853;53.4135
291500;2035;45.111
291833;3153;56.1516
292167;2083;45.6399
292500;3180;56.3915
292833;3106;55.7315
293167;2127;46.1194
293500;3472;58.9237
293833;2443;49.4267
294167;3546;59.5483
294500;3606;60.05
294833;2471;49.7092
295167;3589;59.9083
295500;2486;49.8598
295833;3970;63.0079
296167;3938;62.7535
296500;2554;50.5371
296833;3940;62.7694
297167;2703;51.9904
297500;4002;63.2614
297833;4327;65.7799
298167;2847;53.3573
298500;4282;65.437
298833;3151;56.1338
299167;4561;67.5352
299500;4274;65.3758
299833;3119;55.848
300167;4583;67.6979
300500;2969;54.4885
300833;4686;68.4544
301167;4536;67.3498
301500;3027;55.0182
301833;4798;69.2676
302167;3058;55.2992
302500;4583;67.6979
302833;4745;68.884
303167;3184;56.4269
303500;4843;69.5917
303833;3346;57.8446
304167;4999;70.7036
304500;4875;69.8212
304833;3110;55.7674
305167;4879;69.8498
305500;4789;69.2026
305833;3219;56.7362
306167;4876;69.8284
306500;3204;56.6039
306833;4866;69.7567
307167;5178;71.9583
307500;3074;55.4437
307833;4798;69.2676
308167;3230;56.8331
308500;4831;69.5054
308833;4666;68.3081
309167;3037;55.109
309500;4363;66.053
309833;3093;55.6147
310167;4593;67.7717
310500;4266;65.3146
310833;2869;53.563
311167;4306;65.6201
311500;2870;53.5724
311833;4076;63.8436
312167;4144;64.3739
312500;2736;52.3068
312833;3880;62.2896
313167;2476;49.7594
313500;3718;60.9754
313833;3851;62.0564
314167;2569;50.6853
314500;3589;59.9083
314833;2335;48.3218
315167;3683;60.6877
315500;3400;58.3095
315833;2143;46.2925
316167;3288;57.3411
316500;2162;46.4973
316833;3000;54.7723
317167;2858;53.4603
317500;1942;44.0681
317833;2882;53.6843
318167;1943;44.0795
318500;2729;52.2398
318833;2591;50.9019
319167;1734;41.6413
319500;2443;49.4267
319833;1583;39.7869
320167;2368;48.6621
320500;2390;48.8876
320833;1509;38.8458
321167;2124;46.0869
321500;2074;45.5412
321833;1466;38.2884
322167;2127;46.1194
322500;1309;36.1801
322833;1955;44.2154
323167;1997;44.6878
323500;1294;35.9722
323833;1937;44.0114
324167;1179;34.3366
324500;1732;41.6173
324833;1630;40.3733
325167;1105;33.2415
325500;1597;39.9625
325833;1060;32.5576
326167;1573;39.6611
326500;1523;39.0256
326833;1050;32.4037
327167;1510;38.8587
327500;928;30.4631
327833;1414;37.6032
328167;1382;37.1753
328500;949;30.8058
328833;1379;37.1349
329167;906;30.0998
329500;1236;35.1568
329833;1287;35.8748
330167;794;28.178
330500;1332;36.4966
330833;790;28.1069
331167;1167;34.1614
331500;1358;36.8511
331833;819;28.6182
332167;1271;35.6511
332500;809;28.4429
332833;1244;35.2704
333167;1122;33.4963
333500;780;27.9285
333833;1134;33.6749
334167;767;27.6948
334500;1155;33.9853
334833;1120;33.4664
335167;746;27.313
335500;1121;33.4813
335833;760;27.5681
336167;1166;34.1467
336500;1058;32.5269
336833;712;26.6833
337167;1079;32.8481
337500;1003;31.6702
337833;731;27.037
338167;1088;32.9848
338500;745;27.2947
338833;1098;33.1361
339167;1051;32.4191
339500;705;26.5518
339833;1095;33.0908
340167;762;27.6043
340500;1007;31.7333
340833;1071;32.7261
341167;720;26.8328
341500;1045;32.3265
341833;746;27.313
342167;1101;33.1813
342500;1053;32.45
342833;742;27.2397
343167;1092;33.0454
343500;711;26.6646
343833;1112;33.3467
344167;1090;33.0151
344500;739;27.1846
344833;1087;32.9697
345167;739;27.1846
345500;1089;33
345833;1050;32.4037
346167;747;27.3313
346500;1149;33.8969
346833;725;26.9258
347167;1074;32.7719
347500;1131;33.6303
347833;766;27.6767
348167;1161;34.0735
348500;726;26.9444
348833;1114;33.3766
349167;1097;33.121
349500;731;27.037
349833;1099;33.1512
350167;752;27.4226
350500;1121;33.4813
350833;1101;33.1813
351167;748;27.3496
351500;1125;33.541
351833;639;25.2784
352167;1119;33.4515
352500;1160;34.0588
352833;793;28.1603
353167;1166;34.1467
353500;1188;34.4674
353833;810;28.4605
354167;1158;34.0294
354500;783;27.9821
354833;1112;33.3467
355167;1299;36.0416
355500;786;28.0357
355833;1249;35.3412
356167;796;28.2135
356500;1334;36.524
356833;1249;35.3412
357167;882;29.6985
357500;1312;36.2215
357833;885;29.7489
358167;1317;36.2905
358500;1354;36.7967
358833;879;29.6479
359167;1365;36.9459
359500;936;30.5941
359833;1381;37.1618
360167;1441;37.9605
360500;1017;31.8904
360833;1472;38.3667
361167;932;30.5287
361500;1551;39.3827
361833;1469;38.3275
362167;969;31.1288
362500;1655;40.6817
362833;1046;32.3419
363167;1735;41.6533
363500;1709;41.3401
363833;1171;34.2199
364167;1872;43.2666
364500;1275;35.7071
364833;1858;43.1045
365167;1936;44
365500;1310;36.1939
365833;1965;44.3283
366167;1331;36.4829
366500;1963;44.3058
366833;2040;45.1664
367167;1462;38.2361
367500;2269;47.634
367833;1523;39.0256
368167;2368;48.6621
368500;2401;49
368833;1559;39.4842
369167;2434;49.3356
369500;2755;52.4881
369833;1700;41.2311
370167;2571;50.705
370500;1713;41.3884
370833;2851;53.3948
371167;2910;53.9444
371500;1996;44.6766
371833;2995;54.7266
372167;1991;44.6206
372500;3210;56.6569
372833;3454;58.7707
373167;2129;46.1411
373500;3439;58.643
373833;2324;48.2079
374167;3538;59.4811
374500;3607;60.0583
374833;2538;50.3786
375167;3938;62.7535
375500;2685;51.817
375833;4050;63.6396
376167;4113;64.1327
376500;2873;53.6004
376833;4423;66.5056
377167;2927;54.1018
377500;4612;67.9117
377833;4683;68.4324
378167;3050;55.2268
378500;4687;68.4617
378833;3183;56.4181
379167;4968;70.484
379500;5232;72.3326
379833;3537;59.4727
380167;5229;72.3118
380500;3599;59.9917
380833;5722;75.6439
381167;5445;73.7902
381500;3864;62.1611
381833;5828;76.3413
382167;4044;63.5925
382500;5885;76.7138
382833;5853;76.5049
383167;4088;63.9375
383500;6231;78.9367
383833;4141;64.3506
384167;6415;80.0937
384500;6355;79.7183
384833;4323;65.7495
385167;6430;80.1873
385500;6124;78.256
385833;4544;67.4092
386167;6943;83.3247
386500;4586;67.72
386833;6741;82.1036
387167;6935;83.2766
387500;4661;68.2715
387833;7100;84.2615
388167;4614;67.9264
388500;7105;84.2912
388833;7185;84.7644
389167;5256;72.4983
389500;7177;84.7172
389833;4879;69.8498
390167;7384;85.9302
390500;7160;84.6168
390833;4922;70.157
391167;7118;84.3682
391500;4708;68.6149
391833;7531;86.7813
392167;7286;85.3581
392500;4737;68.8259
392833;7376;85.8836
393167;4788;69.1954
393500;7052;83.9762
393833;7114;84.3445
394167;4937;70.2638
394500;6928;83.2346
394833;4602;67.838
395167;6975;83.5165
395500;6814;82.547
395833;4512;67.1714
396167;6909;83.1204
396500;4395;66.2948
396833;6660;81.6088
397167;7099;84.2556
397500;4310;65.6506
397833;6357;79.7308
398167;4274;65.3758
398500;6170;78.5493
398833;5966;77.2399
399167;3927;62.6658
399500;5979;77.324
399833;3822;61.8223
400167;5740;75.7628
400500;5625;75
400833;3496;59.127
401167;5451;73.8309
401500;5466;73.9324
401833;3382;58.155
402167;5234;72.3464
402500;3445;58.6941
402833;4834;69.527
403167;4727;68.7532
403500;3158;56.1961
403833;4676;68.3813
404167;3083;55.5248
404500;4442;66.6483
404833;4226;65.0077
405167;2801;52.9245
405500;4291;65.5057
405833;2579;50.7839
406167;3925;62.6498
406500;3801;61.6523
406833;2347;48.4458
407167;3696;60.7947
407500;2277;47.7179
407833;3457;58.7963
408167;3339;57.7841
408500;2126;46.1086
408833;3152;56.1427
409167;2098;45.8039
409500;3009;54.8544
409833;2838;53.2729
410167;1895;43.5316
410500;2781;52.7352
410833;1702;41.2553
411167;2525;50.2494
411500;2422;49.2138
411833;1570;39.6232
412167;2371;48.6929
412500;1621;40.2616
412833;2176;46.6476
413167;2157;46.4435
413500;1589;39.8623
413833;2104;45.8694
414167;1228;35.0428
414500;1962;44.2945
414833;1908;43.6807
415167;1204;34.6987
415500;1765;42.0119
415833;1178;34.322
416167;1726;41.5452
416500;1734;41.6413
416833;1064;32.619
417167;1580;39.7492
417500;1636;40.4475
417833;1086;32.9545
418167;1478;38.4448
418500;1039;32.2335
418833;1516;38.9358
419167;1425;37.7492
419500;951;30.8383
419833;1397;37.3765
420167;924;30.3974
420500;1315;36.2629
420833;1327;36.428
421167;901;30.0167
421500;1337;36.565
421833;933;30.545
422167;1232;35.0999
422500;1167;34.1614
422833;866;29.4279
423167;1247;35.3129
423500;747;27.3313
423833;1185;34.4238
424167;1173;34.2491
424500;773;27.8029
424833;1171;34.2199
425167;821;28.6531
425500;1135;33.6898
425833;1116;33.4066
426167;778;27.8927
426500;1095;33.0908
426833;796;28.2135
427167;1081;32.8786
427500;1139;33.7491
427833;719;26.8142
428167;1154;33.9706
428500;740;27.2029
428833;1115;33.3916
429167;1059;32.5423
429500;739;27.1846
429833;1176;34.2929
430167;751;27.4044
430500;1107;33.2716
430833;1097;33.121
431167;653;25.5539
431500;1084;32.9242
431833;743;27.258
432167;1112;33.3467
432500;1071;32.7261
432833;711;26.6646
433167;1086;32.9545
433500;1038;32.218
433833;689;26.2488
434167;1067;32.665
434500;693;26.3249
434833;1151;33.9264
435167;1115;33.3916
435500;709;26.6271
435833;1066;32.6497
436167;698;26.4197
436500;1036;32.187
436833;1078;32.8329
437167;699;26.4386
437500;1031;32.1092
437833;737;27.1477
438167;1117;33.4215
438500;1131;33.6303
438833;695;26.3629
439167;1059;32.5423
439500;728;26.9815
439833;1058;32.5269
440167;1049;32.3883
440500;728;26.9815
440833;1093;33.0606
441167;688;26.2298
441500;1144;33.8231
441833;1042;32.28
442167;730;27.0185
442500;1142;33.7935
442833;720;26.8328
443167;1085;32.9393
443500;1096;33.1059
443833;723;26.8887
444167;1040;32.249
444500;686;26.1916
444833;1082;32.8938
445167;1102;33.1964
445500;730;27.0185
445833;1109;33.3017
446167;741;27.2213
446500;1089;33
446833;1092;33.0454
447167;717;26.7769
447500;1048;32.3728
447833;750;27.3861
448167;1064;32.619
448500;1059;32.5423
448833;669;25.865
449167;1072;32.7414
449500;1053;32.45
449833;712;26.6833
450167;1071;32.7261
450500;696;26.3818
450833;1051;32.4191
451167;1080;32.8634
451500;802;28.3196
451833;1078;32.8329
452167;724;26.9072
452500;1088;32.9848
452833;1102;33.1964
453167;703;26.5141
453500;1130;33.6155
453833;712;26.6833
454167;1110;33.3167
454500;1037;32.2025
454833;807;28.4077
455167;1078;32.8329
455500;729;27
455833;1122;33.4963
456167;1033;32.1403
456500;757;27.5136
456833;1105;33.2415
457167;698;26.4197
457500;1113;33.3617
457833;1082;32.8938
458167;735;27.1109
458500;1100;33.1662
458833;717;26.7769
459167;1085;32.9393
459500;1115;33.3916
459833;791;28.1247
460167;1074;32.7719
460500;716;26.7582
460833;1145;33.8378
461167;1109;33.3017
461500;722;26.8701
461833;1087;32.9697
462167;758;27.5318
462500;1155;33.9853
462833;1177;34.3074
463167;749;27.3679
463500;1065;32.6343
463833;769;27.7308
464167;1127;33.5708
464500;1133;33.6601
464833;731;27.037
465167;1104;33.2265
465500;1097;33.121
465833;772;27.7849
466167;1095;33.0908
466500;757;27.5136
466833;1164;34.1174
467167;1114;33.3766
467500;798;28.2489
467833;1055;32.4808
468167;763;27.6225
468500;1144;33.8231
468833;1110;33.3167
469167;718;26.7955
469500;1104;33.2265
469833;778;27.8927
470167;1100;33.1662
470500;1154;33.9706
470833;792;28.1425
471167;1256;35.4401
471500;743;27.258
471833;1152;33.9411
472167;1154;33.9706
472500;726;26.9444
472833;1122;33.4963
473167;739;27.1846
473500;1162;34.0881
473833;1150;33.9116
474167;785;28.0179
474500;1138;33.7343
474833;768;27.7128
475167;1195;34.5688
475500;1111;33.3317
475833;801;28.3019
476167;1135;33.6898
476500;786;28.0357
476833;1186;34.4384
477167;1145;33.8378
477500;742;27.2397
477833;1123;33.5112
478167;764;27.6405
478500;1111;33.3317
478833;1156;34
479167;792;28.1425
479500;1091;33.0303
479833;744;27.2764
480167;1198;34.6121
480500;1156;34
480833;756;27.4955
481167;1127;33.5708
481500;1150;33.9116
481833;704;26.533
482167;1210;34.7851
482500;710;26.6458
482833;1065;32.6343
483167;1034;32.1559
483500;782;27.9643
483833;1168;34.176
484167;771;27.7669
484500;1192;34.5254
484833;1151;33.9264
485167;797;28.2312
485500;1200;34.641
485833;748;27.3496
486167;1169;34.1906
486500;1206;34.7275
486833;786;28.0357
487167;1167;34.1614
487500;841;29
487833;1142;33.7935
488167;1143;33.8083
488500;806;28.3901
488833;1199;34.6266
489167;805;28.3725
489500;1158;34.0294
489833;1257;35.4542
490167;831;28.8271
490500;1234;35.1283
490833;759;27.55
491167;1152;33.9411
491500;1169;34.1906
491833;829;28.7924
492167;1196;34.5832
492500;846;29.0861
492833;1169;34.1906
493167;1170;34.2053
493500;782;27.9643
493833;1209;34.7707
494167;767;27.6948
494500;1248;35.327
494833;1231;35.0856
495167;756;27.4955
495500;1218;34.8999
495833;852;29.189
496167;1185;34.4238
496500;1273;35.6791
496833;844;29.0517
497167;1202;34.6699
497500;1207;34.7419
497833;812;28.4956
498167;1172;34.2345
498500;838;28.9482
498833;1240;35.2136
499167;1200;34.641
499500;802;28.3196
499833;1142;33.7935
500167;796;28.2135
500500;1193;34.5398
500833;1295;35.9861
501167;784;28
501500;1175;34.2783
501833;813;28.5132
502167;1210;34.7851
502500;1210;34.7851
502833;817;28.5832
503167;1156;34
503500;849;29.1376
503833;1272;35.6651
504167;1169;34.1906
504500;786;28.0357
504833;1272;35.6651
505167;821;28.6531
505500;1199;34.6266
505833;1185;34.4238
506167;850;29.1548
506500;1182;34.3802
506833;848;29.1204
507167;1219;34.9142
507500;1276;35.7211
507833;809;28.4429
508167;1213;34.8281
508500;791;28.1247
508833;1234;35.1283
509167;1298;36.0278
509500;812;28.4956
509833;1235;35.1426
510167;786;28.0357
510500;1242;35.242
510833;1243;35.2562
511167;820;28.6356
511500;1268;35.609
511833;890;29.8329
512167;1307;36.1525
512500;1173;34.2491
512833;779;27.9106
513167;1260;35.4965
513500;1193;34.5398
513833;798;28.2489
514167;1178;34.322
514500;857;29.2746
514833;1262;35.5246
515167;1227;35.0286
515500;755;27.4773
515833;1212;34.8138
516167;799;28.2666
516500;1158;34.0294
516833;1186;34.4384
517167;877;29.6142
517500;1270;35.6371
517833;859;29.3087
518167;1205;34.7131
518500;1197;34.5977
518833;859;29.3087
519167;1244;35.2704
519500;826;28.7402
519833;1168;34.176
520167;1307;36.1525
520500;767;27.6948
520833;1182;34.3802
521167;825;28.7228
521500;1287;35.8748
521833;1245;35.2846
522167;756;27.4955
522500;1259;35.4824
522833;793;28.1603
523167;1210;34.7851
523500;1246;35.2987
523833;862;29.3598
524167;1257;35.4542
524500;792;28.1425
524833;1177;34.3074
525167;1243;35.2562
525500;773;27.8029
525833;1221;34.9428
526167;785;28.0179
526500;1260;35.4965
526833;1199;34.6266
527167;845;29.0689
527500;1133;33.6601
527833;816;28.5657
528167;1280;35.7771
528500;1240;35.2136
528833;789;28.0891
529167;1197;34.5977
529500;1252;35.3836
529833;797;28.2312
530167;1240;35.2136
530500;729;27
530833;1196;34.5832
531167;1278;35.7491
531500;769;27.7308
531833;1157;34.0147
532167;854;29.2233
532500;1119;33.4515
532833;1138;33.7343
533167;757;27.5136
533500;1211;34.7994
533833;785;28.0179
534167;1159;34.0441
534500;1172;34.2345
534833;808;28.4253
535167;1200;34.641
535500;790;28.1069
535833;1172;34.2345
536167;1172;34.2345
536500;735;27.1109
536833;1175;34.2783
537167;716;26.7582
537500;1179;34.3366
537833;1200;34.641
538167;756;27.4955
538500;1145;33.8378
538833;747;27.3313
539167;1129;33.6006
539500;1172;34.2345
539833;750;27.3861
540167;1149;33.8969
540500;761;27.5862
540833;1156;34
541167;1128;33.5857
541500;772;27.7849
541833;1166;34.1467
542167;748;27.3496
542500;1083;32.909
542833;1086;32.9545
543167;722;26.8701
543500;1065;32.6343
543833;763;27.6225
544167;1026;32.0312
544500;1163;34.1028
544833;736;27.1293
545167;1113;33.3617
545500;1130;33.6155
545833;826;28.7402
546167;1027;32.0468
546500;726;26.9444
546833;1058;32.5269
547167;1077;32.8177
547500;729;27
547833;1124;33.5261
548167;659;25.671
548500;1023;31.9844
548833;1041;32.2645
549167;698;26.4197
549500;1027;32.0468
549833;743;27.258
550167;1101;33.1813
550500;1045;32.3265
550833;670;25.8844
551167;1029;32.078
551500;698;26.4197
551833;1046;32.3419
552167;1021;31.9531
552500;693;26.3249
552833;1016;31.8748
553167;774;27.8209
553500;1010;31.7805
553833;969;31.1288
554167;673;25.9422
554500;1055;32.4808
554833;669;25.865
555167;1014;31.8434
555500;953;30.8707
555833;719;26.8142
556167;953;30.8707
556500;672;25.923
556833;998;31.5911
557167;977;31.257
557500;637;25.2389
557833;966;31.0805
558167;673;25.9422
558500;925;30.4138
558833;1004;31.686
559167;684;26.1534
559500;921;30.348
559833;685;26.1725
560167;992;31.496
560500;976;31.241
560833;657;25.632
561167;1066;32.6497
561500;953;30.8707
561833;685;26.1725
562167;953;30.8707
562500;650;25.4951
562833;937;30.6105
563167;943;30.7083
563500;648;25.4558
563833;941;30.6757
564167;660;25.6905
564500;969;31.1288
564833;908;30.133
565167;635;25.1992
565500;1009;31.7648
565833;629;25.0799
566167;954;30.8869
566500;984;31.3688
566833;640;25.2982
567167;906;30.0998
567500;584;24.1661
567833;904;30.0666
568167;955;30.9031
568500;634;25.1794
568833;912;30.1993
569167;596;24.4131
569500;900;30
569833;925;30.4138
570167;656;25.6125
570500;902;30.0333
570833;613;24.7588
571167;977;31.257
571500;954;30.8869
571833;597;24.4336
572167;955;30.9031
572500;648;25.4558
572833;911;30.1828
573167;884;29.7321
573500;624;24.98
573833;852;29.189
574167;580;24.0832
574500;945;30.7409
574833;922;30.3645
575167;637;25.2389
575500;838;28.9482
575833;597;24.4336
576167;871;29.5127
576500;873;29.5466
576833;585;24.1868
577167;885;29.7489
577500;932;30.5287
577833;612;24.7386
578167;875;29.5804
578500;578;24.0416
578833;839;28.9655
579167;852;29.189
579500;551;23.4734
579833;879;29.6479
580167;536;23.1517
580500;839;28.9655
580833;852;29.189
581167;537;23.1733
581500;860;29.3258
581833;536;23.1517
582167;810;28.4605
582500;899;29.9833
582833;621;24.9199
583167;868;29.4618
583500;583;24.1454
583833;868;29.4618
584167;798;28.2489
584500;585;24.1868
584833;825;28.7228
585167;538;23.1948
585500;865;29.4109
585833;911;30.1828
586167;548;23.4094
586500;876;29.5973
586833;603;24.5561
587167;841;29
587500;810;28.4605
587833;539;23.2164
588167;798;28.2489
588500;584;24.1661
588833;873;29.5466
589167;846;29.0861
589500;535;23.1301
589833;876;29.5973
590167;533;23.0868
590500;832;28.8444
590833;831;28.8271
591167;581;24.1039
591500;807;28.4077
591833;558;23.622
592167;806;28.3901
592500;797;28.2312
592833;590;24.2899
593167;863;29.3769
593500;858;29.2916
593833;625;25
594167;838;28.9482
594500;526;22.9347
594833;873;29.5466
595167;805;28.3725
595500;561;23.6854
595833;847;29.1033
596167;534;23.1084
596500;798;28.2489
596833;771;27.7669
597167;533;23.0868
597500;812;28.4956
597833;545;23.3452
598167;765;27.6586
598500;783;27.9821
598833;494;22.2261
599167;791;28.1247
599500;573;23.9374
599833;763;27.6225
600167;774;27.8209
600500;524;22.891
600833;757;27.5136
601167;520;22.8035
601500;780;27.9285
601833;806;28.3901
602167;539;23.2164
602500;809;28.4429
602833;496;22.2711
603167;781;27.9464
603500;814;28.5307
603833;516;22.7156
604167;736;27.1293
604500;535;23.1301
604833;755;27.4773
605167;724;26.9072
605500;530;23.0217
605833;750;27.3861
606167;516;22.7156
606500;719;26.8142
606833;758;27.5318
607167;551;23.4734
607500;746;27.313
607833;488;22.0907
608167;773;27.8029
608500;756;27.4955
608833;513;22.6495
609167;750;27.3861
609500;712;26.6833
609833;491;22.1585
610167;713;26.7021
610500;480;21.9089
610833;735;27.1109
611167;713;26.7021
611500;485;22.0227
611833;718;26.7955
612167;452;21.2603
612500;711;26.6646
612833;713;26.7021
613167;486;22.0454
613500;667;25.8263
613833;422;20.5426
614167;640;25.2982
614500;682;26.1151
614833;473;21.7486
615167;686;26.1916
615500;513;22.6495
615833;637;25.2389
616167;677;26.0192
616500;453;21.2838
616833;667;25.8263
617167;450;21.2132
617500;700;26.4575
617833;633;25.1595
618167;450;21.2132
618500;703;26.5141
618833;408;20.199
619167;656;25.6125
619500;711;26.6646
619833;406;20.1494
620167;659;25.671
620500;471;21.7025
620833;631;25.1197
621167;651;25.5147
621500;447;21.1424
621833;667;25.8263
622167;417;20.4206
622500;610;24.6982
622833;637;25.2389
623167;389;19.7231
623500;650;25.4951
623833;439;20.9523
624167;626;25.02
624500;642;25.3377
624833;417;20.4206
625167;594;24.3721
625500;627;25.04
625833;429;20.7123
626167;566;23.7908
626500;491;22.1585
626833;607;24.6374
627167;580;24.0832
627500;444;21.0713
627833;599;24.4745
628167;388;19.6977
628500;594;24.3721
628833;547;23.388
629167;406;20.1494
629500;643;25.3574
629833;387;19.6723
630167;592;24.3311
630500;547;23.388
630833;376;19.3907
631167;542;23.2809
631500;390;19.7484
631833;633;25.1595
632167;584;24.1661
632500;400;20
632833;604;24.5764
633167;351;18.735
633500;584;24.1661
633833;592;24.3311
634167;399;19.975
634500;622;24.9399
634833;433;20.8087
635167;634;25.1794
635500;608;24.6577
635833;420;20.4939
636167;623;24.96
636500;439;20.9523
636833;613;24.7588
637167;655;25.593
637500;420;20.4939
637833;649;25.4755
638167;381;19.5192
638500;623;24.96
638833;657;25.632
639167;412;20.2978
639500;638;25.2587
639833;434;20.8327
640167;700;26.4575
640500;607;24.6374
640833;446;21.1187
641167;663;25.7488
641500;689;26.2488
641833;454;21.3073
642167;674;25.9615
642500;431;20.7605
642833;773;27.8029
643167;683;26.1343
643500;498;22.3159
643833;748;27.3496
644167;492;22.1811
644500;725;26.9258
644833;796;28.2135
645167;472;21.7256
645500;770;27.7489
645833;496;22.2711
646167;798;28.2489
646500;806;28.3901
646833;557;23.6008
647167;808;28.4253
647500;549;23.4307
647833;801;28.3019
648167;859;29.3087
648500;610;24.6982
648833;906;30.0998
649167;580;24.0832
649500;942;30.692
649833;937;30.6105
650167;669;25.865
650500;975;31.225
650833;647;25.4362
651167;996;31.5595
651500;1107;33.2716
651833;688;26.2298
652167;1088;32.9848
652500;694;26.3439
652833;1056;32.4962
653167;1076;32.8024
653500;792;28.1425
653833;1145;33.8378
654167;789;28.0891
654500;1274;35.6931
654833;1199;34.6266
655167;855;29.2404
655500;1304;36.1109
655833;816;28.5657
656167;1271;35.6511
656500;1349;36.7287
656833;847;29.1033
657167;1294;35.9722
657500;1379;37.1349
657833;899;29.9833
658167;1466;38.2884
658500;967;31.0966
658833;1414;37.6032
659167;1621;40.2616
659500;1078;32.8329
659833;1593;39.9124
660167;1102;33.1964
660500;1660;40.7431
660833;1590;39.8748
661167;1151;33.9264
661500;1681;41
661833;1132;33.6452
662167;1670;40.8656
662500;1708;41.328
662833;1224;34.9857
663167;1709;41.3401
663500;1224;34.9857
663833;1787;42.2729
664167;1847;42.9767
664500;1262;35.5246
664833;1886;43.4281
665167;1244;35.2704
665500;1980;44.4972
665833;1973;44.4185
666167;1328;36.4417
666500;2008;44.8107
666833;1349;36.7287
667167;2035;45.111
667500;2039;45.1553
667833;1540;39.2428
668167;1979;44.486
668500;1408;37.5233
668833;2146;46.3249
669167;2216;47.0744
669500;1526;39.064
669833;2221;47.1275
670167;1464;38.2623
670500;2342;48.3942
670833;2311;48.0729
671167;1456;38.1576
671500;2309;48.0521
671833;1557;39.4588
672167;2265;47.592
672500;2289;47.8435
672833;1516;38.9358
673167;2361;48.5901
673500;2289;47.8435
673833;1549;39.3573
674167;2260;47.5395
674500;1533;39.1535
674833;2320;48.1664
675167;2310;48.0625
675500;1649;40.6079
675833;2543;50.4282
676167;1648;40.5956
676500;2455;49.548
676833;2411;49.1019
677167;1634;40.4228
677500;2306;48.0208
677833;1568;39.598
678167;2419;49.1833
678500;2390;48.8876
678833;1629;40.3609
679167;2422;49.2138
679500;1582;39.7744
679833;2359;48.5695
680167;2299;47.9479
680500;1480;38.4708
680833;2416;49.1528
681167;1532;39.1408
681500;2332;48.2908
681833;2229;47.2123
682167;1478;38.4448
682500;2236;47.2864
682833;1550;39.37
683167;2210;47.0106
683500;2168;46.5618
683833;1427;37.7757
684167;2334;48.3115
684500;1430;37.8153
684833;2132;46.1736
685167;2197;46.8722
685500;1384;37.2022
685833;2060;45.3872
686167;1363;36.9188
686500;2020;44.9444
686833;2107;45.9021
687167;1378;37.1214
687500;1855;43.0697
687833;1343;36.647
688167;1902;43.6119
688500;1893;43.5086
688833;1291;35.9305
689167;1938;44.0227
689500;1783;42.2256
689833;1200;34.641
690167;1738;41.6893
690500;1214;34.8425
690833;1785;42.2493
691167;1781;42.2019
691500;1138;33.7343
691833;1674;40.9145
692167;1232;35.0999
692500;1690;41.1096
692833;1524;39.0384
693167;1058;32.5269
693500;1591;39.8873
693833;977;31.257
694167;1509;38.8458
694500;1469;38.3275
694833;919;30.315
695167;1362;36.9053
695500;922;30.3645
695833;1311;36.2077
696167;1186;34.4384
696500;893;29.8831
696833;1262;35.5246
697167;845;29.0689
697500;1246;35.2987
697833;1190;34.4964
698167;746;27.313
698500;1159;34.0441
698833;778;27.8927
699167;1172;34.2345
699500;1117;33.4215
699833;696;26.3818
700167;1121;33.4813
700500;754;27.4591
700833;1016;31.8748
701167;940;30.6594
701500;680;26.0768
701833;942;30.692
702167;653;25.5539
702500;928;30.4631
702833;902;30.0333
703167;613;24.7588
703500;856;29.2575
703833;509;22.561
704167;799;28.2666
704500;785;28.0179
704833;506;22.4944
705167;775;27.8388
705500;776;27.8568
705833;557;23.6008
706167;746;27.313
706500;497;22.2935
706833;692;26.3059
707167;704;26.533
707500;491;22.1585
707833;671;25.9037
708167;433;20.8087
708500;730;27.0185
708833;642;25.3377
709167;459;21.4243
709500;653;25.5539
709833;453;21.2838
710167;681;26.096
710500;626;25.02
710833;424;20.5913
711167;570;23.8747
711500;415;20.3715
711833;600;24.4949
712167;604;24.5764
712500;425;20.6155
712833;585;24.1868
713167;375;19.3649
713500;619;24.8797
713833;643;25.3574
714167;384;19.5959
714500;589;24.2693
714833;425;20.6155
715167;569;23.8537
715500;612;24.7386
715833;400;20
716167;556;23.5797
716500;409;20.2237
716833;658;25.6515
717167;591;24.3105
717500;425;20.6155
717833;627;25.04
718167;407;20.1742
718500;645;25.3969
718833;588;24.2487
719167;440;20.9762
719500;598;24.454
719833;433;20.8087
720167;651;25.5147
720500;603;24.5561
720833;422;20.5426
721167;628;25.0599
721500;646;25.4165
721833;467;21.6102
722167;707;26.5895
722500;459;21.4243
722833;704;26.533
723167;680;26.0768
723500;432;20.7846
723833;679;26.0576
724167;476;21.8174
724500;684;26.1534
724833;824;28.7054
725167;507;22.5167
725500;781;27.9464
725833;511;22.6053
726167;745;27.2947
726500;781;27.9464
726833;526;22.9347
727167;764;27.6405
727500;545;23.3452
727833;804;28.3549
728167;859;29.3087
728500;554;23.5372
728833;812;28.4956
729167;605;24.5967
729500;903;30.05
729833;785;28.0179
730167;602;24.5357
730500;864;29.3939
730833;616;24.8193
731167;897;29.95
731500;848;29.1204
731833;666;25.807
732167;1003;31.6702
732500;551;23.4734
732833;992;31.496
733167;1039;32.2335
733500;647;25.4362
733833;1046;32.3419
734167;701;26.4764
734500;973;31.1929
734833;985;31.3847
735167;679;26.0576
735500;980;31.305
735833;692;26.3059
736167;1128;33.5857
736500;1093;33.0606
736833;744;27.2764
737167;1131;33.6303
737500;1114;33.3766
737833;777;27.8747
738167;1132;33.6452
738500;775;27.8388
738833;1133;33.6601
739167;1127;33.5708
739500;815;28.5482
739833;1235;35.1426
740167;770;27.7489
740500;1257;35.4542
740833;1206;34.7275
741167;904;30.0666
741500;1331;36.4829
741833;853;29.2062
742167;1350;36.7423
742500;1380;37.1484
742833;904;30.0666
743167;1316;36.2767
743500;916;30.2655
743833;1394;37.3363
744167;1381;37.1618
744500;924;30.3974
744833;1271;35.6511
745167;839;28.9655
745500;1415;37.6165
745833;1461;38.223
746167;975;31.225
746500;1536;39.1918
746833;985;31.3847
747167;1509;38.8458
747500;1580;39.7492
747833;1028;32.0624
748167;1559;39.4842
748500;1062;32.5883
748833;1487;38.5616
749167;1560;39.4968
749500;1133;33.6601
749833;1710;41.3521
750167;1079;32.8481
750500;1700;41.2311
750833;1653;40.6571
751167;1095;33.0908
751500;1679;40.9756
751833;1157;34.0147
752167;1685;41.0488
752500;1772;42.0951
752833;1124;33.5261
753167;1718;41.4488
753500;1678;40.9634
753833;1158;34.0294
754167;1725;41.5331
754500;1226;35.0143
754833;1909;43.6921
755167;1862;43.1509
755500;1185;34.4238
755833;1810;42.5441
756167;1177;34.3074
756500;1883;43.3935
756833;1775;42.1307
757167;1223;34.9714
757500;2016;44.8999
757833;1323;36.3731
758167;1866;43.1972
758500;1989;44.5982
758833;1280;35.7771
759167;1904;43.6348
759500;1333;36.5103
759833;2050;45.2769
760167;1939;44.0341
760500;1353;36.7831
760833;1986;44.5646
761167;1304;36.1109
761500;2014;44.8776
761833;2001;44.7325
762167;1281;35.7911
762500;1977;44.4635
762833;1411;37.5633
763167;1952;44.1814
763500;1920;43.8178
763833;1319;36.318
764167;1901;43.6005
764500;1308;36.1663
764833;1998;44.699
765167;1862;43.1509
765500;1312;36.2215
765833;2018;44.9222
766167;1390;37.2827
766500;1931;43.9431
766833;1943;44.0795
767167;1319;36.318
767500;1979;44.486
767833;1350;36.7423
768167;1911;43.715
768500;1855;43.0697
768833;1310;36.1939
769167;1923;43.852
769500;1929;43.9204
769833;1243;35.2562
770167;1874;43.2897
770500;1216;34.8712
770833;1910;43.7035
771167;1915;43.7607
771500;1204;34.6987
771833;1783;42.2256
772167;1198;34.6121
772500;1853;43.0465
772833;1855;43.0697
773167;1189;34.4819
773500;1766;42.0238
773833;1135;33.6898
774167;1891;43.4856
774500;1677;40.9512
774833;1076;32.8024
775167;1662;40.7676
775500;1150;33.9116
775833;1655;40.6817
776167;1581;39.7618
776500;1010;31.7805
776833;1550;39.37
777167;1037;32.2025
777500;1513;38.8973
777833;1591;39.8873
778167;1064;32.619
778500;1354;36.7967
778833;887;29.7825
779167;1417;37.6431
779500;1438;37.921
779833;971;31.1609
780167;1396;37.3631
780500;1000;31.6228
780833;1371;37.027
781167;1373;37.054
781500;877;29.6142
781833;1226;35.0143
782167;821;28.6531
782500;1277;35.7351
782833;1250;35.3553
783167;805;28.3725
783500;1207;34.7419
783833;784;28
784167;1125;33.541
784500;1121;33.4813
784833;689;26.2488
785167;1066;32.6497
785500;1049;32.3883
785833;709;26.6271
786167;975;31.225
786500;645;25.3969
786833;990;31.4643
787167;949;30.8058
787500;628;25.0599
787833;861;29.3428
788167;568;23.8328
788500;857;29.2746
788833;802;28.3196
789167;569;23.8537
789500;781;27.9464
789833;509;22.561
790167;770;27.7489
790500;881;29.6816
790833;488;22.0907
791167;750;27.3861
791500;470;21.6795
791833;707;26.5895
792167;668;25.8457
792500;413;20.3224
792833;657;25.632
793167;414;20.347
793500;616;24.8193
793833;624;24.98
794167;361;19
794500;560;23.6643
794833;370;19.2354
795167;558;23.622
795500;527;22.9565
795833;326;18.0555
796167;451;21.2368
796500;314;17.72
796833;468;21.6333
797167;432;20.7846
797500;297;17.2337
797833;427;20.664
798167;305;17.4642
798500;406;20.1494
798833;427;20.664
799167;272;16.4924
799500;375;19.3649
799833;232;15.2315
800167;358;18.9209
800500;359;18.9473
800833;217;14.7309
801167;331;18.1934
801500;345;18.5742
801833;220;14.8324
802167;295;17.1756
802500;205;14.3178
802833;275;16.5831
803167;291;17.0587
803500;199;14.1067
803833;265;16.2788
804167;186;13.6382
804500;257;16.0312
804833;280;16.7332
805167;153;12.3693
805500;262;16.1864
805833;149;12.2066
806167;205;14.3178
806500;201;14.1774
806833;157;12.53
807167;213;14.5945
807500;143;11.9583
807833;212;14.5602
808167;189;13.7477
808500;143;11.9583
808833;168;12.9615
809167;128;11.3137
809500;188;13.7113
809833;200;14.1421
810167;100;10
810500;174;13.1909
810833;117;10.8167
811167;158;12.5698
811500;162;12.7279
811833;101;10.0499
812167;166;12.8841
812500;107;10.3441
812833;160;12.6491
813167;152;12.3288
813500;104;10.198
813833;137;11.7047
814167;82;9.05539
814500;134;11.5758
814833;141;11.8743
815167;89;9.43398
815500;121;11
815833;81;9
816167;126;11.225
816500;126;11.225
816833;83;9.11043
817167;124;11.1355
817500;116;10.7703
817833;76;8.7178
818167;123;11.0905
818500;64;8
818833;130;11.4018
819167;127;11.2694
819500;62;7.87401
819833;134;11.5758
820167;77;8.77496
820500;99;9.94987
820833;102;10.0995
821167;69;8.30662
821500;120;10.9545
821833;68;8.24621
822167;114;10.6771
822500;129;11.3578
822833;71;8.42615
823167;111;10.5357
823500;64;8
823833;103;10.1489
824167;91;9.53939
824500;64;8
824833;107;10.3441
825167;53;7.28011
825500;101;10.0499
825833;93;9.64365
826167;43;6.55744
826500;86;9.27362
826833;77;8.77496
827167;83;9.11043
827500;111;10.5357
827833;69;8.30662
828167;80;8.94427
828500;85;9.21954
828833;95;9.74679
829167;93;9.64365
829500;54;7.34847
829833;92;9.59166
830167;61;7.81025
830500;111;10.5357
830833;90;9.48683
831167;78;8.83176
831500;105;10.247
831833;53;7.28011
832167;98;9.89949
832500;93;9.64365
832833;71;8.42615
833167;71;8.42615
833500;75;8.66025
833833;57;7.54983
834167;100;10
834500;71;8.42615
834833;91;9.53939
835167;78;8.83176
835500;57;7.54983
835833;96;9.79796
836167;70;8.3666
836500;88;9.38083
836833;90;9.48683
837167;65;8.06226
837500;83;9.11043
837833;57;7.54983
838167;97;9.84886
838500;81;9
838833;48;6.9282
839167;99;9.94987
839500;66;8.12404
839833;95;9.74679
840167;90;9.48683
840500;61;7.81025
840833;97;9.84886
841167;62;7.87401
841500;83;9.11043
841833;102;10.0995
842167;47;6.85565
842500;96;9.79796
842833;61;7.81025
843167;81;9
843500;83;9.11043
843833;55;7.4162
844167;87;9.32738
844500;59;7.68115
844833;91;9.53939
845167;88;9.38083
845500;50;7.07107
845833;103;10.1489
846167;55;7.4162
846500;74;8.60233
846833;75;8.66025
847167;40;6.32456
847500;88;9.38083
847833;60;7.74597
848167;87;9.32738
848500;91;9.53939
848833;51;7.14143
849167;88;9.38083
849500;80;8.94427
849833;45;6.7082
850167;90;9.48683
850500;63;7.93725
850833;91;9.53939
851167;89;9.43398
851500;42;6.48074
851833;89;9.43398
852167;48;6.9282
852500;79;8.88819
852833;83;9.11043
853167;51;7.14143
853500;80;8.94427
853833;53;7.28011
854167;88;9.38083
854500;80;8.94427
854833;45;6.7082
855167;65;8.06226
855500;56;7.48331
855833;70;8.3666
856167;89;9.43398
856500;53;7.28011
856833;69;8.30662
857167;66;8.12404
857500;87;9.32738
857833;89;9.43398
858167;38;6.16441
858500;73;8.544
858833;61;7.81025
859167;96;9.79796
859500;61;7.81025
859833;45;6.7082
860167;66;8.12404
860500;53;7.28011
860833;68;8.24621
861167;74;8.60233
861500;48;6.9282
861833;79;8.88819
862167;48;6.9282
862500;81;9
862833;77;8.77496
863167;55;7.4162
863500;79;8.88819
863833;62;7.87401
864167;83;9.11043
864500;65;8.06226
864833;47;6.85565
865167;73;8.544
865500;65;8.06226
865833;50;7.07107
866167;65;8.06226
866500;49;7
866833;63;7.93725
867167;64;8
867500;51;7.14143
867833;77;8.77496
868167;47;6.85565
868500;79;8.88819
868833;68;8.24621
869167;65;8.06226
869500;84;9.16515
869833;39;6.245
870167;73;8.544
870500;67;8.18535
870833;41;6.40312
871167;65;8.06226
871500;44;6.63325
871833;69;8.30662
872167;83;9.11043
872500;42;6.48074
872833;64;8
873167;44;6.63325
873500;84;9.16515
873833;69;8.30662
874167;54;7.34847
874500;81;9
874833;36;6
875167;80;8.94427
875500;72;8.48528
875833;51;7.14143
876167;52;7.2111
876500;50;7.07107
876833;73;8.544
877167;57;7.54983
877500;42;6.48074
877833;70;8.3666
878167;58;7.61577
878500;64;8
878833;73;8.544
879167;41;6.40312
879500;69;8.30662
879833;38;6.16441
880167;62;7.87401
880500;66;8.12404
880833;52;7.2111
881167;72;8.48528
881500;64;8
881833;37;6.08276
882167;67;8.18535
882500;48;6.9282
882833;64;8
883167;75;8.66025
883500;56;7.48331
883833;72;8.48528
884167;51;7.14143
884500;60;7.74597
884833;56;7.48331
885167;31;5.56776
885500;56;7.48331
885833;42;6.48074
886167;68;8.24621
886500;88;9.38083
886833;27;5.19615
887167;66;8.12404
887500;44;6.63325
887833;71;8.42615
888167;59;7.68115
888500;44;6.63325
888833;55;7.4162
889167;48;6.9282
889500;67;8.18535
889833;55;7.4162
890167;40;6.32456
890500;60;7.74597
890833;50;7.07107
891167;69;8.30662
891500;80;8.94427
891833;36;6
892167;75;8.66025
892500;35;5.91608
892833;63;7.93725
893167;52;7.2111
893500;55;7.4162
893833;86;9.27362
894167;35;5.91608
894500;54;7.34847
894833;75;8.66025
895167;47;6.85565
895500;61;7.81025
895833;48;6.9282
896167;60;7.74597
896500;54;7.34847
896833;35;5.91608
897167;65;8.06226
897500;63;7.93725
897833;55;7.4162
898167;65;8.06226
898500;38;6.16441
898833;56;7.48331
899167;63;7.93725
899500;46;6.78233
899833;66;8.12404
900167;46;6.78233
900500;73;8.544
900833;57;7.54983
901167;47;6.85565
901500;60;7.74597
901833;50;7.07107
902167;61;7.81025
902500;60;7.74597
902833;51;7.14143
903167;59;7.68115
903500;37;6.08276
903833;57;7.54983
904167;61;7.81025
904500;36;6
904833;55;7.4162
905167;42;6.48074
905500;62;7.87401
905833;53;7.28011
906167;42;6.48074
906500;68;8.24621
906833;36;6
907167;50;7.07107
907500;53;7.28011
907833;31;5.56776
908167;63;7.93725
908500;43;6.55744
908833;53;7.28011
909167;61;7.81025
909500;43;6.55744
909833;48;6.9282
910167;44;6.63325
910500;71;8.42615
910833;66;8.12404
911167;46;6.78233
911500;42;6.48074
911833;32;5.65685
912167;71;8.42615
912500;59;7.68115
912833;36;6
913167;47;6.85565
913500;63;7.93725
913833;32;5.65685
914167;53;7.28011
914500;45;6.7082
914833;58;7.61577
915167;62;7.87401
915500;31;5.56776
915833;58;7.61577
916167;38;6.16441
916500;43;6.55744
916833;49;7
917167;45;6.7082
917500;59;7.68115
917833;44;6.63325
918167;49;7
918500;45;6.7082
918833;41;6.40312
919167;55;7.4162
919500;28;5.2915
919833;49;7
920167;56;7.48331
920500;29;5.38516
920833;45;6.7082
921167;52;7.2111
921500;55;7.4162
921833;52;7.2111
922167;31;5.56776
922500;55;7.4162
922833;31;5.56776
923167;40;6.32456
923500;52;7.2111
923833;36;6
924167;53;7.28011
924500;34;5.83095
924833;45;6.7082
925167;49;7
925500;28;5.2915
925833;58;7.61577
926167;36;6
926500;58;7.61577
926833;45;6.7082
927167;28;5.2915
927500;48;6.9282
927833;28;5.2915
928167;46;6.78233
928500;52;7.2111
928833;28;5.2915
929167;57;7.54983
929500;51;7.14143
929833;39;6.245
930167;53;7.28011
930500;36;6
930833;49;7
931167;44;6.63325
931500;32;5.65685
931833;36;6
932167;37;6.08276
932500;50;7.07107
932833;39;6.245
933167;36;6
933500;39;6.245
933833;25;5
934167;43;6.55744
934500;49;7
934833;35;5.91608
935167;56;7.48331
935500;34;5.83095
935833;41;6.40312
936167;56;7.48331
936500;27;5.19615
936833;49;7
937167;28;5.2915
937500;51;7.14143
937833;45;6.7082
938167;33;5.74456
938500;42;6.48074
938833;26;5.09902
939167;38;6.16441
939500;49;7
939833;26;5.09902
940167;37;6.08276
940500;41;6.40312
940833;44;6.63325
941167;63;7.93725
941500;32;5.65685
941833;41;6.40312
942167;28;5.2915
942500;48;6.9282
942833;39;6.245
943167;27;5.19615
943500;41;6.40312
943833;23;4.79583
944167;56;7.48331
944500;44;6.63325
944833;24;4.89898
945167;55;7.4162
945500;34;5.83095
945833;33;5.74456
946167;28;5.2915
946500;31;5.56776
946833;46;6.78233
947167;38;6.16441
947500;32;5.65685
947833;31;5.56776
948167;19;4.3589
948500;34;5.83095
948833;45;6.7082
949167;35;5.91608
949500;47;6.85565
949833;31;5.56776
950167;52;7.2111
950500;41;6.40312
950833;29;5.38516
951167;41;6.40312
951500;24;4.89898
951833;47;6.85565
952167;52;7.2111
952500;33;5.74456
952833;45;6.7082
953167;21;4.58258
953500;41;6.40312
953833;49;7
954167;26;5.09902
954500;42;6.48074
954833;15;3.87298
955167;43;6.55744
955500;32;5.65685
955833;37;6.08276
956167;46;6.78233
956500;26;5.09902
956833;48;6.9282
957167;42;6.48074
957500;31;5.56776
957833;49;7
958167;21;4.58258
958500;45;6.7082
958833;39;6.245
959167;24;4.89898
959500;41;6.40312
959833;20;4.47214
960167;32;5.65685
960500;43;6.55744
960833;28;5.2915
961167;34;5.83095
961500;48;6.9282
961833;28;5.2915
962167;28;5.2915
962500;26;5.09902
962833;38;6.16441
963167;44;6.63325
963500;25;5
963833;35;5.91608
964167;29;5.38516
964500;36;6
964833;30;5.47723
965167;28;5.2915
965500;53;7.28011
965833;34;5.83095
966167;44;6.63325
966500;38;6.16441
966833;31;5.56776
967167;48;6.9282
967500;29;5.38516
967833;37;6.08276
968167;43;6.55744
968500;26;5.09902
968833;31;5.56776
969167;27;5.19615
969500;44;6.63325
969833;49;7
970167;21;4.58258
970500;35;5.91608
970833;24;4.89898
971167;29;5.38516
971500;35;5.91608
971833;26;5.09902
972167;42;6.48074
972500;32;5.65685
972833;16;4
973167;22;4.69042
973500;27;5.19615
973833;39;6.245
974167;28;5.2915
974500;40;6.32456
974833;41;6.40312
975167;21;4.58258
975500;32;5.65685
975833;31;5.56776
976167;39;6.245
976500;37;6.08276
976833;24;4.89898
977167;31;5.56776
977500;37;6.08276
977833;26;5.09902
978167;30;5.47723
978500;26;5.09902
978833;34;5.83095
979167;39;6.245
979500;29;5.38516
979833;34;5.83095
980167;22;4.69042
980500;43;6.55744
980833;34;5.83095
981167;30;5.47723
981500;31;5.56776
981833;29;5.38516
982167;39;6.245
982500;34;5.83095
982833;24;4.89898
983167;30;5.47723
983500;23;4.79583
983833;38;6.16441
984167;36;6
984500;19;4.3589
984833;53;7.28011
985167;36;6
985500;39;6.245
985833;39;6.245
986167;24;4.89898
986500;33;5.74456
986833;32;5.65685
987167;45;6.7082
987500;33;5.74456
987833;27;5.19615
988167;37;6.08276
988500;27;5.19615
988833;40;6.32456
989167;34;5.83095
989500;26;5.09902
989833;26;5.09902
990167;21;4.58258
990500;30;5.47723
990833;31;5.56776
991167;31;5.56776
991500;33;5.74456
991833;18;4.24264
992167;39;6.245
992500;38;6.16441
992833;23;4.79583
993167;37;6.08276
993500;34;5.83095
993833;20;4.47214
994167;42;6.48074
994500;23;4.79583
994833;38;6.16441
995167;30;5.47723
995500;35;5.91608
995833;42;6.48074
996167;25;5
996500;44;6.63325
996833;40;6.32456
997167;25;5
997500;32;5.65685
997833;23;4.79583
998167;45;6.7082
998500;45;6.7082
998833;32;5.65685
999167;41;6.40312
999500;33;5.74456
999833;35;5.91608
