ch_1_SPECTRO_GRAPH;ch_1_SPECTRO;1
ch_1_ADC;3000;0;1e+06
166.667;0;0
500;0;0
833.333;0;0
1166.67;0;0
1500;0;0
1833.33;0;0
2166.67;0;0
2500;0;0
2833.33;0;0
3166.67;0;0
3500;0;0
3833.33;0;0
4166.67;0;0
4500;0;0
4833.33;0;0
5166.67;0;0
5500;0;0
5833.33;0;0
6166.67;0;0
6500;0;0
6833.33;0;0
7166.67;0;0
7500;0;0
7833.33;0;0
8166.67;0;0
8500;0;0
8833.33;0;0
9166.67;0;0
9500;0;0
9833.33;0;0
10166.7;0;0
10500;0;0
10833.3;0;0
11166.7;0;0
11500;0;0
11833.3;0;0
12166.7;0;0
12500;0;0
12833.3;0;0
13166.7;0;0
13500;0;0
13833.3;0;0
14166.7;0;0
14500;0;0
14833.3;0;0
15166.7;0;0
15500;0;0
15833.3;0;0
16166.7;0;0
16500;0;0
16833.3;0;0
17166.7;0;0
17500;0;0
17833.3;0;0
18166.7;0;0
18500;0;0
18833.3;0;0
19166.7;0;0
19500;0;0
19833.3;8743;93.504
20166.7;1536;39.1918
20500;2284;47.7912
20833.3;2141;46.2709
21166.7;1443;37.9868
21500;2271;47.655
21833.3;1544;39.2938
22166.7;2190;46.7974
22500;2131;46.1628
22833.3;1567;39.5854
23166.7;2212;47.0319
23500;1569;39.6106
23833.3;2240;47.3286
24166.7;2299;47.9479
24500;1519;38.9744
24833.3;2238;47.3075
25166.7;1471;38.3536
25500;2383;48.816
25833.3;2218;47.0956
26166.7;1554;39.4208
26500;2269;47.634
26833.3;1559;39.4842
27166.7;2260;47.5395
27500;2406;49.051
27833.3;1512;38.8844
28166.7;2360;48.5798
28500;1476;38.4187
28833.3;2437;49.366
29166.7;2258;47.5184
29500;1544;39.2938
29833.3;2425;49.2443
30166.7;1529;39.1024
30500;2336;48.3322
30833.3;2218;47.0956
31166.7;1504;38.7814
31500;2291;47.8644
31833.3;1589;39.8623
32166.7;2314;48.1041
32500;2370;48.6826
32833.3;1447;38.0395
33166.7;2362;48.6004
33500;2448;49.4773
33833.3;1689;41.0974
34166.7;2324;48.2079
34500;1569;39.6106
34833.3;2390;48.8876
35166.7;2279;47.7389
35500;1650;40.6202
35833.3;2438;49.3761
36166.7;1624;40.2989
36500;2442;49.4166
36833.3;2540;50.3984
37166.7;1569;39.6106
37500;2337;48.3425
37833.3;1727;41.5572
38166.7;2460;49.5984
38500;2380;48.7852
38833.3;1534;39.1663
39166.7;2491;49.9099
39500;1681;41
39833.3;2531;50.309
40166.7;2484;49.8397
40500;1593;39.9124
40833.3;2577;50.7642
41166.7;1713;41.3884
41500;2507;50.07
41833.3;2712;52.0769
42166.7;1834;42.8252
42500;2670;51.672
42833.3;1746;41.7852
43166.7;2698;51.9423
43500;2776;52.6878
43833.3;1983;44.5309
44166.7;2936;54.1849
44500;1940;44.0454
44833.3;2972;54.5161
45166.7;3239;56.9122
45500;1896;43.5431
45833.3;3026;55.0091
46166.7;2191;46.8081
46500;2983;54.6168
46833.3;3066;55.3715
47166.7;2008;44.8107
47500;2937;54.1941
47833.3;2034;45.0999
48166.7;3037;55.109
48500;2893;53.7866
48833.3;2047;45.2438
49166.7;2966;54.461
49500;2804;52.9528
49833.3;2024;44.9889
50166.7;3080;55.4977
50500;2017;44.911
50833.3;2858;53.4603
51166.7;2939;54.2125
51500;1970;44.3847
51833.3;2918;54.0185
52166.7;1976;44.4522
52500;2913;53.9722
52833.3;2939;54.2125
53166.7;2124;46.0869
53500;2986;54.6443
53833.3;1943;44.0795
54166.7;3000;54.7723
54500;2926;54.0925
54833.3;1931;43.9431
55166.7;2832;53.2165
55500;1906;43.6578
55833.3;2794;52.8583
56166.7;2850;53.3854
56500;1876;43.3128
56833.3;2776;52.6878
57166.7;1908;43.6807
57500;2861;53.4883
57833.3;2631;51.2933
58166.7;1801;42.4382
58500;2930;54.1295
58833.3;1788;42.2847
59166.7;2879;53.6563
59500;2815;53.0566
59833.3;1853;43.0465
60166.7;2929;54.1202
60500;1865;43.1856
60833.3;2856;53.4416
61166.7;2856;53.4416
61500;2079;45.5961
61833.3;2874;53.6097
62166.7;1962;44.2945
62500;2979;54.5802
62833.3;2916;54
63166.7;1901;43.6005
63500;2904;53.8888
63833.3;1928;43.909
64166.7;2948;54.2955
64500;2934;54.1664
64833.3;1994;44.6542
65166.7;2961;54.4151
65500;2969;54.4885
65833.3;1914;43.7493
66166.7;3050;55.2268
66500;2089;45.7056
66833.3;3078;55.4797
67166.7;3004;54.8088
67500;1991;44.6206
67833.3;3034;55.0818
68166.7;2010;44.833
68500;3167;56.2761
68833.3;3058;55.2992
69166.7;2049;45.2659
69500;3227;56.8067
69833.3;2135;46.2061
70166.7;3007;54.8361
70500;3126;55.9106
70833.3;2192;46.8188
71166.7;3205;56.6127
71500;2018;44.9222
71833.3;3195;56.5243
72166.7;3135;55.9911
72500;2154;46.4112
72833.3;3063;55.3444
73166.7;2106;45.8912
73500;3333;57.7321
73833.3;3302;57.463
74166.7;2184;46.7333
74500;3187;56.4535
74833.3;2080;45.607
75166.7;3254;57.0438
75500;3374;58.0861
75833.3;2260;47.5395
76166.7;3370;58.0517
76500;2288;47.833
76833.3;3499;59.1523
77166.7;3379;58.1292
77500;2386;48.8467
77833.3;3715;60.9508
78166.7;2242;47.3498
78500;3419;58.4722
78833.3;3525;59.3717
79166.7;2282;47.7703
79500;3423;58.5064
79833.3;2213;47.0425
80166.7;3462;58.8388
80500;3484;59.0254
80833.3;2401;49
81166.7;3473;58.9322
81500;3509;59.2368
81833.3;2400;48.9898
82166.7;3393;58.2495
82500;2379;48.775
82833.3;3612;60.0999
83166.7;3624;60.1997
83500;2369;48.6724
83833.3;3635;60.291
84166.7;2380;48.7852
84500;3514;59.279
84833.3;3834;61.9193
85166.7;2580;50.7937
85500;3678;60.6465
85833.3;2728;52.2303
86166.7;3647;60.3904
86500;3638;60.3158
86833.3;2509;50.0899
87166.7;3745;61.1964
87500;2439;49.3862
87833.3;3707;60.8851
88166.7;3661;60.5062
88500;2476;49.7594
88833.3;3904;62.482
89166.7;2454;49.5379
89500;3524;59.3633
89833.3;3507;59.2199
90166.7;2425;49.2443
90500;3901;62.458
90833.3;2550;50.4975
91166.7;3920;62.6099
91500;3775;61.441
91833.3;2477;49.7695
92166.7;3828;61.8708
92500;2514;50.1398
92833.3;3999;63.2376
93166.7;3905;62.49
93500;2482;49.8197
93833.3;4003;63.2693
94166.7;2580;50.7937
94500;3963;62.9524
94833.3;3882;62.3057
95166.7;2692;51.8845
95500;3850;62.0484
95833.3;2677;51.7397
96166.7;3826;61.8547
96500;3826;61.8547
96833.3;2618;51.1664
97166.7;4000;63.2456
97500;3893;62.3939
97833.3;2586;50.8527
98166.7;3978;63.0714
98500;2664;51.614
98833.3;3919;62.6019
99166.7;4017;63.3798
99500;2623;51.2152
99833.3;3872;62.2254
100167;2620;51.1859
100500;3965;62.9682
100833;3902;62.466
101167;2788;52.8015
101500;3950;62.849
101833;2556;50.5569
102167;4151;64.4283
102500;3948;62.8331
102833;2695;51.9134
103167;3939;62.7615
103500;2650;51.4782
103833;3840;61.9677
104167;3949;62.8411
104500;2670;51.672
104833;3956;62.8967
105167;2650;51.4782
105500;4047;63.616
105833;3830;61.887
106167;2691;51.8748
106500;4017;63.3798
106833;2593;50.9215
107167;4145;64.3817
107500;4200;64.8074
107833;2659;51.5655
108167;4014;63.3561
108500;2713;52.0865
108833;3910;62.53
109167;4009;63.3167
109500;2731;52.259
109833;4118;64.1716
110167;2747;52.4118
110500;4105;64.0703
110833;4294;65.5286
111167;2781;52.7352
111500;4152;64.436
111833;2779;52.7162
112167;4056;63.6867
112500;4112;64.1249
112833;2704;52
113167;4162;64.5136
113500;4221;64.9692
113833;2832;53.2165
114167;4101;64.0391
114500;2740;52.345
114833;4194;64.7611
115167;4142;64.3584
115500;2808;52.9906
115833;4242;65.1306
116167;2761;52.5452
116500;4243;65.1383
116833;4341;65.8863
117167;2924;54.074
117500;4353;65.9773
117833;2879;53.6563
118167;4401;66.34
118500;4634;68.0735
118833;3020;54.9545
119167;4514;67.1863
119500;3072;55.4256
119833;4669;68.3301
120167;4634;68.0735
120500;3125;55.9017
120833;4575;67.6387
121167;3069;55.3986
121500;4868;69.7711
121833;4848;69.6276
122167;3155;56.1694
122500;4805;69.3181
122833;3352;57.8965
123167;4764;69.0217
123500;4736;68.8186
123833;3357;57.9396
124167;5147;71.7426
124500;3420;58.4808
124833;5141;71.7008
125167;5109;71.4773
125500;3492;59.0931
125833;5485;74.0608
126167;3684;60.696
126500;5193;72.0625
126833;5419;73.6139
127167;3929;62.6817
127500;5373;73.3008
127833;3708;60.8933
128167;5820;76.2889
128500;5424;73.6478
128833;3664;60.531
129167;5422;73.6342
129500;5456;73.8647
129833;3826;61.8547
130167;5518;74.2832
130500;3650;60.4152
130833;5634;75.06
131167;5544;74.458
131500;3650;60.4152
131833;5681;75.3724
132167;3810;61.7252
132500;5653;75.1864
132833;5597;74.8131
133167;3853;62.0725
133500;5591;74.773
133833;3767;61.3759
134167;5609;74.8933
134500;5587;74.7462
134833;3593;59.9416
135167;5917;76.922
135500;3623;60.1914
135833;5723;75.6505
136167;5669;75.2928
136500;3578;59.8164
136833;5400;73.4847
137167;3429;58.5577
137500;5210;72.1803
137833;5381;73.3553
138167;3668;60.564
138500;5222;72.2634
138833;3468;58.8897
139167;5293;72.753
139500;5181;71.9792
139833;3407;58.3695
140167;5183;71.9931
140500;3358;57.9483
140833;5076;71.2461
141167;4975;70.5337
141500;3429;58.5577
141833;5034;70.9507
142167;3435;58.6089
142500;4905;70.0357
142833;5039;70.9859
143167;3337;57.7668
143500;5217;72.2288
143833;3250;57.0088
144167;5060;71.1337
144500;5006;70.7531
144833;3208;56.6392
145167;4969;70.4911
145500;4734;68.8041
145833;3122;55.8749
146167;4957;70.406
146500;3099;55.6687
146833;4599;67.8159
147167;4673;68.3593
147500;3083;55.5248
147833;4603;67.8454
148167;3174;56.3383
148500;4772;69.0797
148833;4535;67.3424
149167;2980;54.5894
149500;4524;67.2607
149833;2968;54.4794
150167;4454;66.7383
150500;4574;67.6314
150833;2959;54.3967
151167;4436;66.6033
151500;3162;56.2317
151833;4453;66.7308
152167;4428;66.5432
152500;2926;54.0925
152833;4362;66.0454
153167;2884;53.7029
153500;4202;64.8228
153833;4145;64.3817
154167;2769;52.6213
154500;4206;64.8537
154833;2819;53.0943
155167;4218;64.9461
155500;4244;65.146
155833;2823;53.1319
156167;4122;64.2028
156500;2858;53.4603
156833;4106;64.0781
157167;4031;63.4902
157500;2577;50.7642
157833;4028;63.4665
158167;2693;51.8941
158500;4026;63.4508
158833;4004;63.2772
159167;2709;52.0481
159500;4100;64.0312
159833;2909;53.9351
160167;3874;62.2415
160500;3932;62.7057
160833;2747;52.4118
161167;3876;62.2575
161500;3884;62.3217
161833;2497;49.97
162167;3830;61.887
162500;2511;50.1099
162833;3795;61.6036
163167;3754;61.2699
163500;2481;49.8096
163833;3872;62.2254
164167;2381;48.7955
164500;3691;60.7536
164833;3752;61.2536
165167;2428;49.2747
165500;3623;60.1914
165833;2403;49.0204
166167;3562;59.6825
166500;3701;60.8358
166833;2488;49.8799
167167;3569;59.7411
167500;2498;49.98
167833;3863;62.153
168167;3547;59.5567
168500;2430;49.295
168833;3635;60.291
169167;2409;49.0816
169500;3590;59.9166
169833;3384;58.1722
170167;2286;47.8121
170500;3417;58.4551
170833;2417;49.163
171167;3443;58.6771
171500;3306;57.4978
171833;2161;46.4866
172167;3395;58.2666
172500;2179;46.6798
172833;3427;58.5406
173167;3420;58.4808
173500;2213;47.0425
173833;3296;57.4108
174167;2212;47.0319
174500;3326;57.6715
174833;3385;58.1808
175167;2273;47.676
175500;3245;56.9649
175833;2242;47.3498
176167;3453;58.7622
176500;3272;57.2014
176833;2208;46.9894
177167;3439;58.643
177500;3260;57.0964
177833;2146;46.3249
178167;3125;55.9017
178500;2195;46.8508
178833;3135;55.9911
179167;3234;56.8683
179500;2098;45.8039
179833;3197;56.542
180167;2080;45.607
180500;3062;55.3353
180833;3169;56.2939
181167;2161;46.4866
181500;3165;56.2583
181833;2015;44.8888
182167;3062;55.3353
182500;3109;55.7584
182833;2043;45.1996
183167;3149;56.116
183500;1984;44.5421
183833;2899;53.8424
184167;3149;56.116
184500;2058;45.3652
184833;2947;54.2863
185167;2063;45.4203
185500;3038;55.1181
185833;2916;54
186167;1985;44.5533
186500;2946;54.2771
186833;1871;43.2551
187167;2978;54.5711
187500;2889;53.7494
187833;1900;43.589
188167;2800;52.915
188500;1852;43.0349
188833;2690;51.8652
189167;2757;52.5071
189500;1958;44.2493
189833;2821;53.1131
190167;1850;43.0116
190500;2750;52.4404
190833;2740;52.345
191167;1878;43.3359
191500;2754;52.4786
191833;1785;42.2493
192167;2767;52.6023
192500;2998;54.754
192833;1752;41.8569
193167;2789;52.811
193500;2832;53.2165
193833;1757;41.9166
194167;2627;51.2543
194500;1706;41.3038
194833;2560;50.5964
195167;2590;50.892
195500;1778;42.1663
195833;2695;51.9134
196167;1752;41.8569
196500;2702;51.9808
196833;2581;50.8035
197167;1773;42.107
197500;2710;52.0577
197833;1723;41.509
198167;2532;50.319
198500;2604;51.0294
198833;1712;41.3763
199167;2471;49.7092
199500;1706;41.3038
199833;2534;50.3389
200167;2485;49.8498
200500;1787;42.2729
200833;2547;50.4678
201167;1650;40.6202
201500;2563;50.6261
201833;2525;50.2494
202167;1675;40.9268
202500;2551;50.5074
202833;1584;39.7995
203167;2529;50.2892
203500;2499;49.99
203833;1619;40.2368
204167;2446;49.4571
204500;1595;39.9375
204833;2449;49.4874
205167;2367;48.6518
205500;1528;39.0896
205833;2229;47.2123
206167;1562;39.5221
206500;2395;48.9387
206833;2374;48.7237
207167;1576;39.6989
207500;2403;49.0204
207833;1667;40.8289
208167;2339;48.3632
208500;2329;48.2597
208833;1566;39.5727
209167;2494;49.94
209500;2402;49.0102
209833;1632;40.398
210167;2453;49.5278
210500;1539;39.2301
210833;2258;47.5184
211167;2382;48.8057
211500;1529;39.1024
211833;2417;49.163
212167;1613;40.1622
212500;2285;47.8017
212833;2341;48.3839
213167;1577;39.7115
213500;2338;48.3529
213833;1598;39.975
214167;2326;48.2286
214500;2315;48.1144
214833;1438;37.921
215167;2250;47.4342
215500;1522;39.0128
215833;2341;48.3839
216167;2307;48.0312
216500;1470;38.3406
216833;2357;48.5489
217167;1520;38.9872
217500;2218;47.0956
217833;2238;47.3075
218167;1525;39.0512
218500;2175;46.6369
218833;1483;38.5097
219167;2214;47.0532
219500;2166;46.5403
219833;1470;38.3406
220167;2258;47.5184
220500;1400;37.4166
220833;1995;44.6654
221167;2107;45.9021
221500;1466;38.2884
221833;2247;47.4025
222167;1491;38.6135
222500;2196;46.8615
222833;2094;45.7602
223167;1469;38.3275
223500;2167;46.551
223833;1378;37.1214
224167;2279;47.7389
224500;2164;46.5188
224833;1420;37.6829
225167;2176;46.6476
225500;2253;47.4658
225833;1397;37.3765
226167;2162;46.4973
226500;1459;38.1969
226833;2069;45.4863
227167;2061;45.3982
227500;1376;37.0945
227833;2005;44.7772
228167;1504;38.7814
228500;2085;45.6618
228833;2156;46.4327
229167;1434;37.8682
229500;2162;46.4973
229833;1351;36.756
230167;2137;46.2277
230500;2108;45.913
230833;1379;37.1349
231167;2106;45.8912
231500;1366;36.9594
231833;2035;45.111
232167;2090;45.7165
232500;1360;36.8782
232833;2088;45.6946
233167;1448;38.0526
233500;2147;46.3357
233833;1994;44.6542
234167;1379;37.1349
234500;2151;46.3789
234833;1407;37.51
235167;2020;44.9444
235500;1976;44.4522
235833;1308;36.1663
236167;1996;44.6766
236500;1352;36.7696
236833;2000;44.7214
237167;1988;44.587
237500;1362;36.9053
237833;1878;43.3359
238167;1344;36.6606
238500;2047;45.2438
238833;1998;44.699
239167;1366;36.9594
239500;2006;44.7884
239833;1304;36.1109
240167;2024;44.9889
240500;2008;44.8107
240833;1296;36
241167;2051;45.288
241500;2099;45.8148
241833;1484;38.5227
242167;1979;44.486
242500;1382;37.1753
242833;2110;45.9347
243167;1904;43.6348
243500;1295;35.9861
243833;1978;44.4747
244167;1292;35.9444
244500;1973;44.4185
244833;1956;44.2267
245167;1299;36.0416
245500;1998;44.699
245833;1257;35.4542
246167;1940;44.0454
246500;1951;44.1701
246833;1429;37.8021
247167;1932;43.9545
247500;1303;36.0971
247833;1950;44.1588
248167;1936;44
248500;1361;36.8917
248833;2034;45.0999
249167;1256;35.4401
249500;1935;43.9886
249833;2073;45.5302
250167;1243;35.2562
250500;1896;43.5431
250833;1269;35.623
251167;1888;43.4511
251500;1923;43.852
251833;1206;34.7275
252167;1855;43.0697
252500;1328;36.4417
252833;1948;44.1362
253167;1846;42.9651
253500;1307;36.1525
253833;1942;44.0681
254167;1290;35.9166
254500;1817;42.6263
254833;1892;43.4971
255167;1345;36.6742
255500;1919;43.8064
255833;1263;35.5387
256167;1906;43.6578
256500;1965;44.3283
256833;1317;36.2905
257167;1864;43.1741
257500;1813;42.5793
257833;1334;36.524
258167;2028;45.0333
258500;1213;34.8281
258833;1910;43.7035
259167;1959;44.2606
259500;1217;34.8855
259833;1893;43.5086
260167;1195;34.5688
260500;1848;42.9884
260833;1992;44.6318
261167;1227;35.0286
261500;1815;42.6028
261833;1271;35.6511
262167;1832;42.8019
262500;1815;42.6028
262833;1276;35.7211
263167;1862;43.1509
263500;1145;33.8378
263833;1818;42.638
264167;1997;44.6878
264500;1237;35.171
264833;1876;43.3128
265167;1286;35.8608
265500;1851;43.0232
265833;1818;42.638
266167;1344;36.6606
266500;1875;43.3013
266833;1204;34.6987
267167;1911;43.715
267500;1846;42.9651
267833;1201;34.6554
268167;1795;42.3674
268500;1267;35.5949
268833;1865;43.1856
269167;1856;43.0813
269500;1302;36.0832
269833;1871;43.2551
270167;1246;35.2987
270500;1873;43.2782
270833;1810;42.5441
271167;1222;34.9571
271500;1862;43.1509
271833;1122;33.4963
272167;1839;42.8836
272500;1806;42.4971
272833;1213;34.8281
273167;1852;43.0349
273500;1903;43.6234
273833;1265;35.5668
274167;1807;42.5088
274500;1280;35.7771
274833;1877;43.3244
275167;1897;43.5546
275500;1253;35.3977
275833;1842;42.9185
276167;1186;34.4384
276500;1714;41.4005
276833;1798;42.4028
277167;1209;34.7707
277500;1764;42
277833;1186;34.4384
278167;1838;42.8719
278500;1813;42.5793
278833;1184;34.4093
279167;1846;42.9651
279500;1242;35.242
279833;1839;42.8836
280167;1745;41.7732
280500;1236;35.1568
280833;1745;41.7732
281167;1235;35.1426
281500;1846;42.9651
281833;1791;42.3202
282167;1231;35.0856
282500;2011;44.8442
282833;1251;35.3695
283167;1865;43.1856
283500;1851;43.0232
283833;1272;35.6651
284167;1839;42.8836
284500;1228;35.0428
284833;1811;42.5558
285167;1731;41.6053
285500;1145;33.8378
285833;1810;42.5441
286167;1158;34.0294
286500;1851;43.0232
286833;1801;42.4382
287167;1234;35.1283
287500;1776;42.1426
287833;1198;34.6121
288167;1814;42.5911
288500;1852;43.0349
288833;1128;33.5857
289167;1748;41.8091
289500;1835;42.8369
289833;1227;35.0286
290167;1730;41.5933
290500;1257;35.4542
290833;1905;43.6463
291167;1785;42.2493
291500;1192;34.5254
291833;1855;43.0697
292167;1182;34.3802
292500;1793;42.3438
292833;1735;41.6533
293167;1195;34.5688
293500;1787;42.2729
293833;1250;35.3553
294167;1785;42.2493
294500;1780;42.19
294833;1183;34.3948
295167;1808;42.5206
295500;1209;34.7707
295833;1928;43.909
296167;1744;41.7612
296500;1212;34.8138
296833;1733;41.6293
297167;1167;34.1614
297500;1744;41.7612
297833;1842;42.9185
298167;1255;35.426
298500;1804;42.4735
298833;1331;36.4829
299167;1743;41.7493
299500;1744;41.7612
299833;1212;34.8138
300167;1808;42.5206
300500;1160;34.0588
300833;1779;42.1782
301167;1702;41.2553
301500;1175;34.2783
301833;1844;42.9418
302167;1151;33.9264
302500;1738;41.6893
302833;1714;41.4005
303167;1242;35.242
303500;1689;41.0974
303833;1217;34.8855
304167;1854;43.0581
304500;1724;41.5211
304833;1156;34
305167;1784;42.2374
305500;1671;40.8779
305833;1159;34.0441
306167;1712;41.3763
306500;1202;34.6699
306833;1762;41.9762
307167;1855;43.0697
307500;1146;33.8526
307833;1752;41.8569
308167;1244;35.2704
308500;1805;42.4853
308833;1768;42.0476
309167;1084;32.9242
309500;1734;41.6413
309833;1188;34.4674
310167;1838;42.8719
310500;1768;42.0476
310833;1156;34
311167;1849;43
311500;1211;34.7994
311833;1701;41.2432
312167;1788;42.2847
312500;1113;33.3617
312833;1750;41.833
313167;1150;33.9116
313500;1722;41.497
313833;1677;40.9512
314167;1230;35.0714
314500;1694;41.1582
314833;1141;33.7787
315167;1942;44.0681
315500;1765;42.0119
315833;1160;34.0588
316167;1670;40.8656
316500;1174;34.2637
316833;1712;41.3763
317167;1710;41.3521
317500;1160;34.0588
317833;1761;41.9643
318167;1206;34.7275
318500;1737;41.6773
318833;1826;42.7317
319167;1146;33.8526
319500;1735;41.6533
319833;1155;33.9853
320167;1718;41.4488
320500;1750;41.833
320833;1145;33.8378
321167;1656;40.694
321500;1771;42.0833
321833;1212;34.8138
322167;1827;42.7434
322500;1137;33.7194
322833;1705;41.2916
323167;1746;41.7852
323500;1177;34.3074
323833;1813;42.5793
324167;1197;34.5977
324500;1757;41.9166
324833;1698;41.2068
325167;1155;33.9853
325500;1745;41.7732
325833;1157;34.0147
326167;1749;41.821
326500;1802;42.45
326833;1099;33.1512
327167;1769;42.0595
327500;1167;34.1614
327833;1795;42.3674
328167;1717;41.4367
328500;1250;35.3553
328833;1764;42
329167;1146;33.8526
329500;1730;41.5933
329833;1747;41.7971
330167;1117;33.4215
330500;1811;42.5558
330833;1209;34.7707
331167;1671;40.8779
331500;1916;43.7721
331833;1153;33.9559
332167;1722;41.497
332500;1172;34.2345
332833;1743;41.7493
333167;1743;41.7493
333500;1172;34.2345
333833;1823;42.6966
334167;1221;34.9428
334500;1742;41.7373
334833;1779;42.1782
335167;1162;34.0881
335500;1759;41.9404
335833;1156;34
336167;1688;41.0853
336500;1703;41.2674
336833;1044;32.311
337167;1649;40.6079
337500;1705;41.2916
337833;1200;34.641
338167;1764;42
338500;1181;34.3657
338833;1715;41.4126
339167;1731;41.6053
339500;1173;34.2491
339833;1848;42.9884
340167;1125;33.541
340500;1705;41.2916
340833;1787;42.2729
341167;1197;34.5977
341500;1787;42.2729
341833;1156;34
342167;1763;41.9881
342500;1734;41.6413
342833;1186;34.4384
343167;1766;42.0238
343500;1098;33.1361
343833;1753;41.8688
344167;1719;41.4608
344500;1218;34.8999
344833;1825;42.72
345167;1209;34.7707
345500;1741;41.7253
345833;1779;42.1782
346167;1181;34.3657
346500;1741;41.7253
346833;1241;35.2278
347167;1742;41.7373
347500;1668;40.8412
347833;1218;34.8999
348167;1850;43.0116
348500;1180;34.3511
348833;1753;41.8688
349167;1760;41.9524
349500;1123;33.5112
349833;1737;41.6773
350167;1137;33.7194
350500;1720;41.4729
350833;1778;42.1663
351167;1192;34.5254
351500;1635;40.4351
351833;1067;32.665
352167;1759;41.9404
352500;1700;41.2311
352833;1185;34.4238
353167;1792;42.332
353500;1767;42.0357
353833;1251;35.3695
354167;1805;42.4853
354500;1189;34.4819
354833;1744;41.7612
355167;1817;42.6263
355500;1208;34.7563
355833;1737;41.6773
356167;1147;33.8674
356500;1861;43.1393
356833;1791;42.3202
357167;1219;34.9142
357500;1728;41.5692
357833;1114;33.3766
358167;1665;40.8044
358500;1713;41.3884
358833;1152;33.9411
359167;1720;41.4729
359500;1133;33.6601
359833;1777;42.1545
360167;1793;42.3438
360500;1196;34.5832
360833;1706;41.3038
361167;1184;34.4093
361500;1851;43.0232
361833;1771;42.0833
362167;1190;34.4964
362500;1826;42.7317
362833;1196;34.5832
363167;1780;42.19
363500;1689;41.0974
363833;1118;33.4365
364167;1836;42.8486
364500;1275;35.7071
364833;1774;42.1189
365167;1769;42.0595
365500;1242;35.242
365833;1644;40.5463
366167;1260;35.4965
366500;1685;41.0488
366833;1834;42.8252
367167;1230;35.0714
367500;1755;41.8927
367833;1167;34.1614
368167;1828;42.7551
368500;1787;42.2729
368833;1165;34.1321
369167;1815;42.6028
369500;1777;42.1545
369833;1219;34.9142
370167;1782;42.2137
370500;1144;33.8231
370833;1781;42.2019
371167;1776;42.1426
371500;1227;35.0286
371833;1758;41.9285
372167;1157;34.0147
372500;1797;42.391
372833;1868;43.2204
373167;1189;34.4819
373500;1852;43.0349
373833;1244;35.2704
374167;1781;42.2019
374500;1849;43
374833;1174;34.2637
375167;1799;42.4146
375500;1250;35.3553
375833;1798;42.4028
376167;1750;41.833
376500;1211;34.7994
376833;1774;42.1189
377167;1173;34.2491
377500;1895;43.5316
377833;1880;43.359
378167;1224;34.9857
378500;1823;42.6966
378833;1181;34.3657
379167;1740;41.7133
379500;1819;42.6497
379833;1209;34.7707
380167;1827;42.7434
380500;1187;34.4529
380833;1984;44.5421
381167;1853;43.0465
381500;1165;34.1321
381833;1953;44.1928
382167;1207;34.7419
382500;1792;42.332
382833;1861;43.1393
383167;1174;34.2637
383500;1765;42.0119
383833;1265;35.5668
384167;1814;42.5911
384500;1803;42.4617
384833;1170;34.2053
385167;1822;42.6849
385500;1664;40.7922
385833;1238;35.1852
386167;1820;42.6615
386500;1193;34.5398
386833;1838;42.8719
387167;1795;42.3674
387500;1177;34.3074
387833;1869;43.2319
388167;1182;34.3802
388500;1810;42.5441
388833;1804;42.4735
389167;1336;36.5513
389500;1871;43.2551
389833;1200;34.641
390167;1839;42.8836
390500;1779;42.1782
390833;1204;34.6987
391167;1851;43.0232
391500;1174;34.2637
391833;1950;44.1588
392167;1782;42.2137
392500;1245;35.2846
392833;1888;43.4511
393167;1258;35.4683
393500;1730;41.5933
393833;1924;43.8634
394167;1237;35.171
394500;1818;42.638
394833;1239;35.1994
395167;1830;42.7785
395500;1801;42.4382
395833;1297;36.0139
396167;1853;43.0465
396500;1203;34.6843
396833;1771;42.0833
397167;2018;44.9222
397500;1276;35.7211
397833;1764;42
398167;1300;36.0555
398500;1928;43.909
398833;1847;42.9767
399167;1208;34.7563
399500;1885;43.4166
399833;1237;35.171
400167;1948;44.1362
400500;1852;43.0349
400833;1171;34.2199
401167;1970;44.3847
401500;1917;43.7836
401833;1199;34.6266
402167;1839;42.8836
402500;1247;35.3129
402833;1835;42.8369
403167;1818;42.638
403500;1291;35.9305
403833;1795;42.3674
404167;1260;35.4965
404500;1817;42.6263
404833;1872;43.2666
405167;1202;34.6699
405500;1919;43.8064
405833;1212;34.8138
406167;1844;42.9418
406500;1882;43.382
406833;1247;35.3129
407167;1916;43.7721
407500;1193;34.5398
407833;1843;42.9302
408167;1992;44.6318
408500;1282;35.805
408833;1883;43.3935
409167;1327;36.428
409500;1954;44.2041
409833;1881;43.3705
410167;1291;35.9305
410500;1933;43.9659
410833;1267;35.5949
411167;1850;43.0116
411500;1908;43.6807
411833;1260;35.4965
412167;1871;43.2551
412500;1275;35.7071
412833;1861;43.1393
413167;1849;43
413500;1451;38.092
413833;1970;44.3847
414167;1242;35.242
414500;1872;43.2666
414833;1926;43.8862
415167;1275;35.7071
415500;1863;43.1625
415833;1291;35.9305
416167;1828;42.7551
416500;1977;44.4635
416833;1246;35.2987
417167;1898;43.566
417500;1973;44.4185
417833;1358;36.8511
418167;1872;43.2666
418500;1331;36.4829
418833;1995;44.6654
419167;2023;44.9778
419500;1286;35.8608
419833;1915;43.7607
420167;1245;35.2846
420500;1928;43.909
420833;1947;44.1248
421167;1216;34.8712
421500;1911;43.715
421833;1328;36.4417
422167;1887;43.4396
422500;1934;43.9773
422833;1330;36.4692
423167;1912;43.7264
423500;1286;35.8608
423833;1896;43.5431
424167;1928;43.909
424500;1227;35.0286
424833;2011;44.8442
425167;1325;36.4005
425500;1893;43.5086
425833;1965;44.3283
426167;1296;36
426500;1933;43.9659
426833;1383;37.1887
427167;2012;44.8553
427500;1919;43.8064
427833;1278;35.7491
428167;1907;43.6692
428500;1273;35.6791
428833;2020;44.9444
429167;1914;43.7493
429500;1374;37.0675
429833;2188;46.7761
430167;1342;36.6333
430500;1996;44.6766
430833;2002;44.7437
431167;1359;36.8646
431500;2015;44.8888
431833;1334;36.524
432167;1916;43.7721
432500;1892;43.4971
432833;1372;37.0405
433167;2014;44.8776
433500;1901;43.6005
433833;1295;35.9861
434167;1900;43.589
434500;1230;35.0714
434833;1940;44.0454
435167;2058;45.3652
435500;1378;37.1214
435833;1963;44.3058
436167;1308;36.1663
436500;1959;44.2606
436833;2082;45.6289
437167;1322;36.3593
437500;1939;44.0341
437833;1330;36.4692
438167;2064;45.4313
438500;1982;44.5197
438833;1293;35.9583
439167;2086;45.6727
439500;1331;36.4829
439833;1918;43.795
440167;1949;44.1475
440500;1240;35.2136
440833;1987;44.5758
441167;1370;37.0135
441500;2018;44.9222
441833;1993;44.643
442167;1388;37.2559
442500;2027;45.0222
442833;1339;36.5923
443167;2087;45.6837
443500;1992;44.6318
443833;1393;37.3229
444167;2031;45.0666
444500;1393;37.3229
444833;1939;44.0341
445167;2128;46.1303
445500;1313;36.2353
445833;1909;43.6921
446167;1358;36.8511
446500;2083;45.6399
446833;2016;44.8999
447167;1311;36.2077
447500;1918;43.795
447833;1345;36.6742
448167;2050;45.2769
448500;2043;45.1996
448833;1332;36.4966
449167;2001;44.7325
449500;1961;44.2832
449833;1314;36.2491
450167;2014;44.8776
450500;1288;35.8887
450833;2117;46.0109
451167;2109;45.9239
451500;1451;38.092
451833;2119;46.0326
452167;1341;36.6197
452500;2055;45.3321
452833;2188;46.7761
453167;1300;36.0555
453500;2102;45.8476
453833;1386;37.229
454167;2092;45.7384
454500;2045;45.2217
454833;1460;38.2099
455167;2055;45.3321
455500;1451;38.092
455833;2213;47.0425
456167;2106;45.8912
456500;1424;37.7359
456833;2056;45.3431
457167;1411;37.5633
457500;2206;46.9681
457833;2176;46.6476
458167;1403;37.4566
458500;2198;46.8828
458833;1426;37.7624
459167;2095;45.7712
459500;2154;46.4112
459833;1504;38.7814
460167;2246;47.392
460500;1430;37.8153
460833;2131;46.1628
461167;2012;44.8553
461500;1474;38.3927
461833;2167;46.551
462167;1440;37.9473
462500;2103;45.8585
462833;2263;47.571
463167;1430;37.8153
463500;2207;46.9787
463833;1481;38.4838
464167;2227;47.1911
464500;2079;45.5961
464833;1463;38.2492
465167;2238;47.3075
465500;2118;46.0217
465833;1473;38.3797
466167;2188;46.7761
466500;1401;37.4299
466833;2212;47.0319
467167;2212;47.0319
467500;1423;37.7227
467833;2013;44.8665
468167;1421;37.6962
468500;2193;46.8295
468833;2248;47.4131
469167;1444;38
469500;2187;46.7654
469833;1581;39.7618
470167;2199;46.8935
470500;2221;47.1275
470833;1462;38.2361
471167;2321;48.1768
471500;1413;37.5899
471833;2302;47.9792
472167;2288;47.833
472500;1511;38.8716
472833;2434;49.3356
473167;1524;39.0384
473500;2114;45.9783
473833;2302;47.9792
474167;1528;39.0896
474500;2203;46.9361
474833;1504;38.7814
475167;2212;47.0319
475500;2364;48.621
475833;1550;39.37
476167;2378;48.7647
476500;1568;39.598
476833;2377;48.7545
477167;2356;48.5386
477500;1448;38.0526
477833;2281;47.7598
478167;1545;39.3065
478500;2385;48.8365
478833;2409;49.0816
479167;1722;41.497
479500;2387;48.8569
479833;1567;39.5854
480167;2328;48.2494
480500;2449;49.4874
480833;1498;38.704
481167;2313;48.0937
481500;2262;47.5605
481833;1526;39.064
482167;2335;48.3218
482500;1507;38.8201
482833;2141;46.2709
483167;2219;47.1063
483500;1577;39.7115
483833;2364;48.621
484167;1610;40.1248
484500;2350;48.4768
484833;2455;49.548
485167;1511;38.8716
485500;2396;48.949
485833;1488;38.5746
486167;2460;49.5984
486500;2277;47.7179
486833;1501;38.7427
487167;2356;48.5386
487500;1660;40.7431
487833;2310;48.0625
488167;2327;48.239
488500;1598;39.975
488833;2379;48.775
489167;1590;39.8748
489500;2316;48.1248
489833;2286;47.8121
490167;1566;39.5727
490500;2358;48.5592
490833;1524;39.0384
491167;2351;48.4871
491500;2183;46.7226
491833;1569;39.6106
492167;2397;48.9592
492500;1636;40.4475
492833;2402;49.0102
493167;2320;48.1664
493500;1602;40.025
493833;2330;48.2701
494167;1477;38.4318
494500;2422;49.2138
494833;2324;48.2079
495167;1548;39.3446
495500;2564;50.636
495833;1594;39.9249
496167;2345;48.4252
496500;2417;49.163
496833;1590;39.8748
497167;2389;48.8774
497500;2332;48.2908
497833;1610;40.1248
498167;2374;48.7237
498500;1734;41.6413
498833;2320;48.1664
499167;2324;48.2079
499500;1492;38.6264
499833;2315;48.1144
500167;1529;39.1024
500500;2342;48.3942
500833;2533;50.3289
501167;1605;40.0625
501500;2409;49.0816
501833;1595;39.9375
502167;2391;48.8979
502500;2474;49.7393
502833;1505;38.7943
503167;2299;47.9479
503500;1637;40.4599
503833;2548;50.4777
504167;2313;48.0937
504500;1529;39.1024
504833;2452;49.5177
505167;1566;39.5727
505500;2343;48.4045
505833;2410;49.0918
506167;1626;40.3237
506500;2385;48.8365
506833;1568;39.598
507167;2406;49.051
507500;2273;47.676
507833;1578;39.724
508167;2389;48.8774
508500;1548;39.3446
508833;2349;48.4665
509167;2411;49.1019
509500;1559;39.4842
509833;2233;47.2546
510167;1518;38.9615
510500;2335;48.3218
510833;2437;49.366
511167;1567;39.5854
511500;2293;47.8853
511833;1674;40.9145
512167;2366;48.6415
512500;2285;47.8017
512833;1579;39.7366
513167;2268;47.6235
513500;2232;47.244
513833;1591;39.8873
514167;2192;46.8188
514500;1466;38.2884
514833;2287;47.8226
515167;2272;47.6655
515500;1519;38.9744
515833;2286;47.8121
516167;1498;38.704
516500;2056;45.3431
516833;2210;47.0106
517167;1512;38.8844
517500;2275;47.697
517833;1496;38.6782
518167;2159;46.465
518500;2141;46.2709
518833;1515;38.923
519167;2265;47.592
519500;1473;38.3797
519833;2161;46.4866
520167;2385;48.8365
520500;1506;38.8072
520833;2043;45.1996
521167;1484;38.5227
521500;2260;47.5395
521833;2088;45.6946
522167;1425;37.7492
522500;2089;45.7056
522833;1387;37.2424
523167;2170;46.5833
523500;2066;45.4533
523833;1417;37.6431
524167;2126;46.1086
524500;1438;37.921
524833;2098;45.8039
525167;2128;46.1303
525500;1357;36.8375
525833;2086;45.6727
526167;1331;36.4829
526500;2141;46.2709
526833;2010;44.833
527167;1382;37.1753
527500;2009;44.8219
527833;1298;36.0278
528167;2158;46.4543
528500;2010;44.833
528833;1303;36.0971
529167;2000;44.7214
529500;2062;45.4093
529833;1342;36.6333
530167;2001;44.7325
530500;1300;36.0555
530833;1939;44.0341
531167;1932;43.9545
531500;1288;35.8887
531833;1962;44.2945
532167;1278;35.7491
532500;1942;44.0681
532833;1875;43.3013
533167;1225;35
533500;1957;44.238
533833;1254;35.4119
534167;1926;43.8862
534500;1782;42.2137
534833;1251;35.3695
535167;1828;42.7551
535500;1258;35.4683
535833;1939;44.0341
536167;1847;42.9767
536500;1253;35.3977
536833;1967;44.3509
537167;1153;33.9559
537500;1892;43.4971
537833;1811;42.5558
538167;1196;34.5832
538500;1744;41.7612
538833;1211;34.7994
539167;1744;41.7612
539500;1866;43.1972
539833;1199;34.6266
540167;1708;41.328
540500;1202;34.6699
540833;1783;42.2256
541167;1738;41.6893
541500;1174;34.2637
541833;1750;41.833
542167;1145;33.8378
542500;1709;41.3401
542833;1712;41.3763
543167;1126;33.5559
543500;1751;41.845
543833;1143;33.8083
544167;1627;40.3361
544500;1707;41.3159
544833;1172;34.2345
545167;1734;41.6413
545500;1673;40.9023
545833;1176;34.2929
546167;1660;40.7431
546500;1182;34.3802
546833;1613;40.1622
547167;1625;40.3113
547500;1070;32.7109
547833;1647;40.5832
548167;1085;32.9393
548500;1760;41.9524
548833;1659;40.7308
549167;1084;32.9242
549500;1648;40.5956
549833;1161;34.0735
550167;1635;40.4351
550500;1623;40.2865
550833;1099;33.1512
551167;1659;40.7308
551500;1100;33.1662
551833;1622;40.2741
552167;1617;40.2119
552500;1049;32.3883
552833;1698;41.2068
553167;1130;33.6155
553500;1627;40.3361
553833;1627;40.3361
554167;1098;33.1361
554500;1578;39.724
554833;1091;33.0303
555167;1542;39.2683
555500;1473;38.3797
555833;1139;33.7491
556167;1583;39.7869
556500;1052;32.4345
556833;1655;40.6817
557167;1625;40.3113
557500;992;31.496
557833;1632;40.398
558167;1065;32.6343
558500;1537;39.2046
558833;1605;40.0625
559167;1074;32.7719
559500;1536;39.1918
559833;1092;33.0454
560167;1552;39.3954
560500;1514;38.9102
560833;1053;32.45
561167;1669;40.8534
561500;1584;39.7995
561833;1038;32.218
562167;1599;39.9875
562500;1048;32.3728
562833;1665;40.8044
563167;1479;38.4578
563500;1013;31.8277
563833;1498;38.704
564167;1046;32.3419
564500;1454;38.1314
564833;1418;37.6563
565167;1006;31.7175
565500;1554;39.4208
565833;1015;31.8591
566167;1583;39.7869
566500;1573;39.6611
566833;1067;32.665
567167;1542;39.2683
567500;1057;32.5115
567833;1421;37.6962
568167;1588;39.8497
568500;1007;31.7333
568833;1453;38.1182
569167;1021;31.9531
569500;1599;39.9875
569833;1522;39.0128
570167;1001;31.6386
570500;1548;39.3446
570833;945;30.7409
571167;1532;39.1408
571500;1524;39.0384
571833;955;30.9031
572167;1530;39.1152
572500;1011;31.7962
572833;1477;38.4318
573167;1463;38.2492
573500;994;31.5278
573833;1400;37.4166
574167;1026;32.0312
574500;1525;39.0512
574833;1510;38.8587
575167;994;31.5278
575500;1486;38.5487
575833;978;31.273
576167;1539;39.2301
576500;1514;38.9102
576833;987;31.4166
577167;1484;38.5227
577500;1592;39.8999
577833;940;30.6594
578167;1446;38.0263
578500;987;31.4166
578833;1419;37.6696
579167;1426;37.7624
579500;908;30.133
579833;1458;38.1838
580167;892;29.8664
580500;1549;39.3573
580833;1415;37.6165
581167;937;30.6105
581500;1433;37.855
581833;976;31.241
582167;1348;36.7151
582500;1475;38.4057
582833;969;31.1288
583167;1380;37.1484
583500;885;29.7489
583833;1467;38.3014
584167;1434;37.8682
584500;950;30.8221
584833;1330;36.4692
585167;890;29.8329
585500;1387;37.2424
585833;1516;38.9358
586167;928;30.4631
586500;1354;36.7967
586833;942;30.692
587167;1363;36.9188
587500;1418;37.6563
587833;811;28.4781
588167;1369;37
588500;925;30.4138
588833;1366;36.9594
589167;1388;37.2559
589500;876;29.5973
589833;1359;36.8646
590167;862;29.3598
590500;1302;36.0832
590833;1336;36.5513
591167;908;30.133
591500;1310;36.1939
591833;883;29.7153
592167;1397;37.3765
592500;1307;36.1525
592833;883;29.7153
593167;1325;36.4005
593500;1312;36.2215
593833;1005;31.7017
594167;1378;37.1214
594500;890;29.8329
594833;1337;36.565
595167;1366;36.9594
595500;810;28.4605
595833;1271;35.6511
596167;918;30.2985
596500;1302;36.0832
596833;1344;36.6606
597167;866;29.4279
597500;1193;34.5398
597833;855;29.2404
598167;1255;35.426
598500;1194;34.5543
598833;748;27.3496
599167;1275;35.7071
599500;837;28.931
599833;1255;35.426
600167;1263;35.5387
600500;829;28.7924
600833;1233;35.1141
601167;804;28.3549
601500;1180;34.3511
601833;1251;35.3695
602167;866;29.4279
602500;1206;34.7275
602833;776;27.8568
603167;1204;34.6987
603500;1169;34.1906
603833;804;28.3549
604167;1195;34.5688
604500;817;28.5832
604833;1120;33.4664
605167;1193;34.5398
605500;760;27.5681
605833;1142;33.7935
606167;794;28.178
606500;1218;34.8999
606833;1119;33.4515
607167;742;27.2397
607500;1181;34.3657
607833;731;27.037
608167;1138;33.7343
608500;1070;32.7109
608833;740;27.2029
609167;1150;33.9116
609500;1123;33.5112
609833;759;27.55
610167;1201;34.6554
610500;803;28.3373
610833;1137;33.7194
611167;1126;33.5559
611500;785;28.0179
611833;1143;33.8083
612167;783;27.9821
612500;1142;33.7935
612833;1246;35.2987
613167;793;28.1603
613500;1121;33.4813
613833;703;26.5141
614167;1076;32.8024
614500;1102;33.1964
614833;753;27.4408
615167;1164;34.1174
615500;738;27.1662
615833;1136;33.7046
616167;1200;34.641
616500;778;27.8927
616833;1198;34.6121
617167;785;28.0179
617500;1221;34.9428
617833;1173;34.2491
618167;785;28.0179
618500;1260;35.4965
618833;889;29.8161
619167;1275;35.7071
619500;1321;36.3456
619833;876;29.5973
620167;1283;35.819
620500;873;29.5466
620833;1280;35.7771
621167;1371;37.027
621500;922;30.3645
621833;1420;37.6829
622167;916;30.2655
622500;1421;37.6962
622833;1460;38.2099
623167;970;31.1448
623500;1427;37.7757
623833;1028;32.0624
624167;1436;37.8946
624500;1515;38.923
624833;1057;32.5115
625167;1625;40.3113
625500;1579;39.7366
625833;1146;33.8526
626167;1619;40.2368
626500;1205;34.7131
626833;1772;42.0951
627167;1782;42.2137
627500;1214;34.8425
627833;1889;43.4626
628167;1205;34.7131
628500;2027;45.0222
628833;2005;44.7772
629167;1284;35.8329
629500;2056;45.3431
629833;1416;37.6298
630167;2043;45.1996
630500;2190;46.7974
630833;1450;38.0789
631167;2135;46.2061
631500;1549;39.3573
631833;2376;48.7442
632167;2389;48.8774
632500;1591;39.8873
632833;2551;50.5074
633167;1662;40.7676
633500;2563;50.6261
633833;2622;51.2055
634167;1869;43.2319
634500;2738;52.3259
634833;1869;43.2319
635167;2999;54.7631
635500;2898;53.8331
635833;2002;44.7437
636167;3116;55.8211
636500;2017;44.911
636833;3093;55.6147
637167;3305;57.4891
637500;2130;46.1519
637833;3381;58.1464
638167;2196;46.8615
638500;3413;58.4209
638833;3502;59.1777
639167;2376;48.7442
639500;3621;60.1747
639833;2418;49.1732
640167;3820;61.8061
640500;3766;61.3677
640833;2598;50.9706
641167;4013;63.3482
641500;3916;62.578
641833;2890;53.7587
642167;4113;64.1327
642500;2718;52.1344
642833;4524;67.2607
643167;4460;66.7832
643500;2777;52.6972
643833;4345;65.9166
644167;2992;54.6992
644500;4430;66.5582
644833;4484;66.9627
645167;2985;54.6352
645500;4491;67.0149
645833;3166;56.2672
646167;4754;68.9493
646500;4783;69.1592
646833;3163;56.2406
647167;4792;69.2243
647500;3117;55.8301
647833;4526;67.2756
648167;5006;70.7531
648500;3438;58.6345
648833;4908;70.0571
649167;3442;58.6686
649500;5069;71.1969
649833;4978;70.5549
650167;3520;59.3296
650500;5093;71.3653
650833;3338;57.7754
651167;5288;72.7186
651500;5666;75.2728
651833;3515;59.2874
652167;5464;73.9189
652500;3644;60.3656
652833;5181;71.9792
653167;5299;72.7942
653500;3610;60.0833
653833;5212;72.1942
654167;3656;60.4649
654500;5498;74.1485
654833;5268;72.581
655167;3633;60.2744
655500;5360;73.212
655833;3632;60.2661
656167;5450;73.8241
656500;5591;74.773
656833;3587;59.8916
657167;5256;72.4983
657500;5240;72.3878
657833;3460;58.8218
658167;5404;73.5119
658500;3495;59.1185
658833;5276;72.6361
659167;5483;74.0473
659500;3505;59.203
659833;5294;72.7599
660167;3537;59.4727
660500;5283;72.6842
660833;5059;71.1266
661167;3409;58.3866
661500;4825;69.4622
661833;3375;58.0948
662167;4843;69.5917
662500;4794;69.2387
662833;3191;56.4889
663167;4701;68.5638
663500;3265;57.1402
663833;4651;68.1982
664167;4538;67.3647
664500;3164;56.2494
664833;4391;66.2646
665167;3057;55.2901
665500;4361;66.0379
665833;4453;66.7308
666167;2868;53.5537
666500;4259;65.261
666833;2838;53.2729
667167;4049;63.6318
667500;4018;63.3877
667833;2907;53.9166
668167;3683;60.6877
668500;2555;50.547
668833;3933;62.7136
669167;3683;60.6877
669500;2404;49.0306
669833;3505;59.203
670167;2186;46.7547
670500;3454;58.7707
670833;3349;57.8705
671167;2139;46.2493
671500;3102;55.6956
671833;2059;45.3762
672167;3028;55.0273
672500;2999;54.7631
672833;1945;44.1022
673167;2769;52.6213
673500;2783;52.7541
673833;1892;43.4971
674167;2653;51.5073
674500;1742;41.7373
674833;2571;50.705
675167;2451;49.5076
675500;1551;39.3827
675833;2596;50.951
676167;1497;38.6911
676500;2200;46.9042
676833;2170;46.5833
677167;1357;36.8375
677500;1933;43.9659
677833;1282;35.805
678167;1882;43.382
678500;1856;43.0813
678833;1246;35.2987
679167;1742;41.7373
679500;1115;33.3916
679833;1678;40.9634
680167;1648;40.5956
680500;1010;31.7805
680833;1599;39.9875
681167;1004;31.686
681500;1407;37.51
681833;1391;37.2961
682167;941;30.6757
682500;1354;36.7967
682833;891;29.8496
683167;1197;34.5977
683500;1150;33.9116
683833;798;28.2489
684167;1214;34.8425
684500;707;26.5895
684833;1092;33.0454
685167;1049;32.3883
685500;727;26.9629
685833;946;30.7571
686167;585;24.1868
686500;870;29.4958
686833;877;29.6142
687167;592;24.3311
687500;797;28.2312
687833;569;23.8537
688167;792;28.1425
688500;784;28
688833;468;21.6333
689167;729;27
689500;679;26.0576
689833;460;21.4476
690167;628;25.0599
690500;449;21.1896
690833;629;25.0799
691167;638;25.2587
691500;386;19.6469
691833;606;24.6171
692167;416;20.3961
692500;564;23.7487
692833;569;23.8537
693167;401;20.025
693500;529;23
693833;345;18.5742
694167;531;23.0434
694500;555;23.5584
694833;353;18.7883
695167;543;23.3024
695500;343;18.5203
695833;485;22.0227
696167;524;22.891
696500;341;18.4662
696833;492;22.1811
697167;321;17.9165
697500;509;22.561
697833;534;23.1084
698167;379;19.4679
698500;553;23.516
698833;327;18.0831
699167;565;23.7697
699500;578;24.0416
699833;361;19
700167;568;23.8328
700500;393;19.8242
700833;543;23.3024
701167;571;23.8956
701500;386;19.6469
701833;580;24.0832
702167;415;20.3715
702500;613;24.7588
702833;597;24.4336
703167;428;20.6882
703500;661;25.7099
703833;438;20.9284
704167;685;26.1725
704500;710;26.6458
704833;486;22.0454
705167;728;26.9815
705500;729;27
705833;502;22.4054
706167;792;28.1425
706500;542;23.2809
706833;844;29.0517
707167;859;29.3087
707500;605;24.5967
707833;916;30.2655
708167;604;24.5764
708500;1001;31.6386
708833;1028;32.0624
709167;644;25.3772
709500;1063;32.6037
709833;686;26.1916
710167;1063;32.6037
710500;1101;33.1813
710833;736;27.1293
711167;1161;34.0735
711500;765;27.6586
711833;1208;34.7563
712167;1252;35.3836
712500;800;28.2843
712833;1244;35.2704
713167;863;29.3769
713500;1318;36.3043
713833;1384;37.2022
714167;955;30.9031
714500;1472;38.3667
714833;993;31.5119
715167;1543;39.281
715500;1535;39.1791
715833;1035;32.1714
716167;1597;39.9625
716500;1179;34.3366
716833;1798;42.4028
717167;1782;42.2137
717500;1201;34.6554
717833;1907;43.6692
718167;1213;34.8281
718500;1925;43.8748
718833;1953;44.1928
719167;1405;37.4833
719500;2043;45.1996
719833;1482;38.4968
720167;2139;46.2493
720500;2308;48.0416
720833;1543;39.281
721167;2338;48.3529
721500;2303;47.9896
721833;1545;39.3065
722167;2432;49.3153
722500;1706;41.3038
722833;2491;49.9099
723167;2594;50.9313
723500;1776;42.1426
723833;2654;51.517
724167;1731;41.6053
724500;2674;51.7107
724833;3074;55.4437
725167;1895;43.5316
725500;2930;54.1295
725833;2104;45.8694
726167;3106;55.7315
726500;2951;54.3231
726833;2084;45.6508
727167;3173;56.3294
727500;2133;46.1844
727833;3408;58.3781
728167;3228;56.8155
728500;2123;46.076
728833;3396;58.2752
729167;2297;47.927
729500;3393;58.2495
729833;3318;57.6021
730167;2289;47.8435
730500;3563;59.6909
730833;2399;48.9796
731167;3795;61.6036
731500;3685;60.7042
731833;2638;51.3615
732167;3903;62.474
732500;2573;50.7247
732833;3775;61.441
733167;4164;64.5291
733500;2508;50.0799
733833;4097;64.0078
734167;2752;52.4595
734500;3985;63.1269
734833;4248;65.1767
735167;2690;51.8652
735500;4092;63.9687
735833;2810;53.0094
736167;4162;64.5136
736500;4127;64.2417
736833;2846;53.3479
737167;4236;65.0846
737500;4148;64.405
737833;2880;53.6656
738167;4432;66.5733
738500;2842;53.3104
738833;4445;66.6708
739167;4253;65.215
739500;2903;53.8795
739833;4126;64.2339
740167;2922;54.0555
740500;4361;66.0379
740833;4252;65.2074
741167;3230;56.8331
741500;4350;65.9545
741833;2958;54.3875
742167;4415;66.4455
742500;4248;65.1767
742833;2771;52.6403
743167;4278;65.4064
743500;2813;53.0377
743833;4246;65.1613
744167;4246;65.1613
744500;2809;53
744833;3838;61.9516
745167;2566;50.6557
745500;4137;64.3195
745833;4119;64.1794
746167;2718;52.1344
746500;4189;64.7225
746833;2683;51.7977
747167;4069;63.7887
747500;3950;62.849
747833;2604;51.0294
748167;3985;63.1269
748500;2617;51.1566
748833;3735;61.1146
749167;3912;62.546
749500;2533;50.3289
749833;3892;62.3859
750167;2481;49.8096
750500;3701;60.8358
750833;3621;60.1747
751167;2382;48.8057
751500;3491;59.0847
751833;2356;48.5386
752167;3503;59.1861
752500;3349;57.8705
752833;2277;47.7179
753167;3285;57.3149
753500;3224;56.7803
753833;2166;46.5403
754167;3142;56.0535
754500;2132;46.1736
754833;3109;55.7584
755167;2932;54.1479
755500;1952;44.1814
755833;3027;55.0182
756167;1897;43.5546
756500;2851;53.3948
756833;2701;51.9711
757167;1707;41.3159
757500;2815;53.0566
757833;1761;41.9643
758167;2552;50.5173
758500;2534;50.3389
758833;1638;40.4722
759167;2286;47.8121
759500;1520;38.9872
759833;2316;48.1248
760167;2250;47.4342
760500;1484;38.5227
760833;2239;47.3181
761167;1376;37.0945
761500;2129;46.1411
761833;1982;44.5197
762167;1276;35.7211
762500;1873;43.2782
762833;1326;36.4143
763167;1847;42.9767
763500;1753;41.8688
763833;1165;34.1321
764167;1633;40.4104
764500;1129;33.6006
764833;1603;40.0375
765167;1518;38.9615
765500;1065;32.6343
765833;1515;38.923
766167;996;31.5595
766500;1357;36.8375
766833;1296;36
767167;950;30.8221
767500;1235;35.1426
767833;859;29.3087
768167;1201;34.6554
768500;1163;34.1028
768833;777;27.8747
769167;1100;33.1662
769500;1028;32.0624
769833;667;25.8263
770167;988;31.4325
770500;612;24.7386
770833;915;30.249
771167;845;29.0689
771500;598;24.454
771833;850;29.1548
772167;519;22.7816
772500;750;27.3861
772833;789;28.0891
773167;506;22.4944
773500;695;26.3629
773833;431;20.7605
774167;716;26.7582
774500;667;25.8263
774833;389;19.7231
775167;630;25.0998
775500;419;20.4695
775833;537;23.1733
776167;534;23.1084
776500;344;18.5472
776833;508;22.5389
777167;298;17.2627
777500;520;22.8035
777833;419;20.4695
778167;314;17.72
778500;399;19.975
778833;267;16.3401
779167;401;20.025
779500;370;19.2354
779833;248;15.748
780167;374;19.3391
780500;224;14.9666
780833;338;18.3848
781167;353;18.7883
781500;199;14.1067
781833;287;16.9411
782167;190;13.784
782500;316;17.7764
782833;268;16.3707
783167;174;13.1909
783500;267;16.3401
783833;188;13.7113
784167;224;14.9666
784500;218;14.7648
784833;151;12.2882
785167;225;15
785500;212;14.5602
785833;139;11.7898
786167;187;13.6748
786500;131;11.4455
786833;192;13.8564
787167;211;14.5258
787500;127;11.2694
787833;157;12.53
788167;108;10.3923
788500;164;12.8062
788833;187;13.6748
789167;114;10.6771
789500;160;12.6491
789833;99;9.94987
790167;160;12.6491
790500;148;12.1655
790833;108;10.3923
791167;163;12.7671
791500;106;10.2956
791833;128;11.3137
792167;144;12
792500;89;9.43398
792833;133;11.5326
793167;99;9.94987
793500;160;12.6491
793833;130;11.4018
794167;74;8.60233
794500;139;11.7898
794833;107;10.3441
795167;101;10.0499
795500;129;11.3578
795833;62;7.87401
796167;106;10.2956
796500;87;9.32738
796833;118;10.8628
797167;127;11.2694
797500;81;9
797833;107;10.3441
798167;58;7.61577
798500;107;10.3441
798833;103;10.1489
799167;57;7.54983
799500;137;11.7047
799833;74;8.60233
800167;115;10.7238
800500;96;9.79796
800833;47;6.85565
801167;92;9.59166
801500;113;10.6301
801833;70;8.3666
802167;102;10.0995
802500;81;9
802833;95;9.74679
803167;120;10.9545
803500;70;8.3666
803833;92;9.59166
804167;58;7.61577
804500;98;9.89949
804833;89;9.43398
805167;71;8.42615
805500;92;9.59166
805833;72;8.48528
806167;80;8.94427
806500;110;10.4881
806833;68;8.24621
807167;103;10.1489
807500;68;8.24621
807833;93;9.64365
808167;106;10.2956
808500;68;8.24621
808833;96;9.79796
809167;58;7.61577
809500;93;9.64365
809833;80;8.94427
810167;61;7.81025
810500;78;8.83176
810833;62;7.87401
811167;90;9.48683
811500;82;9.05539
811833;55;7.4162
812167;88;9.38083
812500;56;7.48331
812833;92;9.59166
813167;103;10.1489
813500;83;9.11043
813833;96;9.79796
814167;54;7.34847
814500;80;8.94427
814833;97;9.84886
815167;66;8.12404
815500;93;9.64365
815833;54;7.34847
816167;77;8.77496
816500;93;9.64365
816833;67;8.18535
817167;71;8.42615
817500;85;9.21954
817833;55;7.4162
818167;84;9.16515
818500;62;7.87401
818833;85;9.21954
819167;90;9.48683
819500;57;7.54983
819833;94;9.69536
820167;55;7.4162
820500;92;9.59166
820833;88;9.38083
821167;50;7.07107
821500;98;9.89949
821833;63;7.93725
822167;89;9.43398
822500;82;9.05539
822833;49;7
823167;89;9.43398
823500;60;7.74597
823833;75;8.66025
824167;89;9.43398
824500;61;7.81025
824833;71;8.42615
825167;50;7.07107
825500;72;8.48528
825833;97;9.84886
826167;71;8.42615
826500;98;9.89949
826833;48;6.9282
827167;74;8.60233
827500;77;8.77496
827833;59;7.68115
828167;88;9.38083
828500;40;6.32456
828833;94;9.69536
829167;82;9.05539
829500;54;7.34847
829833;86;9.27362
830167;51;7.14143
830500;83;9.11043
830833;85;9.21954
831167;47;6.85565
831500;85;9.21954
831833;38;6.16441
832167;70;8.3666
832500;76;8.7178
832833;55;7.4162
833167;76;8.7178
833500;65;8.06226
833833;53;7.28011
834167;65;8.06226
834500;61;7.81025
834833;81;9
835167;77;8.77496
835500;55;7.4162
835833;70;8.3666
836167;47;6.85565
836500;90;9.48683
836833;79;8.88819
837167;41;6.40312
837500;81;9
837833;73;8.544
838167;79;8.88819
838500;87;9.32738
838833;45;6.7082
839167;76;8.7178
839500;50;7.07107
839833;83;9.11043
840167;81;9
840500;56;7.48331
840833;77;8.77496
841167;65;8.06226
841500;73;8.544
841833;60;7.74597
842167;50;7.07107
842500;81;9
842833;50;7.07107
843167;86;9.27362
843500;62;7.87401
843833;49;7
844167;75;8.66025
844500;45;6.7082
844833;81;9
845167;87;9.32738
845500;39;6.245
845833;79;8.88819
846167;44;6.63325
846500;72;8.48528
846833;62;7.87401
847167;40;6.32456
847500;79;8.88819
847833;37;6.08276
848167;74;8.60233
848500;57;7.54983
848833;51;7.14143
849167;68;8.24621
849500;77;8.77496
849833;50;7.07107
850167;70;8.3666
850500;61;7.81025
850833;65;8.06226
851167;86;9.27362
851500;45;6.7082
851833;66;8.12404
852167;45;6.7082
852500;86;9.27362
852833;68;8.24621
853167;50;7.07107
853500;72;8.48528
853833;45;6.7082
854167;59;7.68115
854500;66;8.12404
854833;54;7.34847
855167;73;8.544
855500;34;5.83095
855833;84;9.16515
856167;73;8.544
856500;54;7.34847
856833;67;8.18535
857167;50;7.07107
857500;73;8.544
857833;64;8
858167;39;6.245
858500;70;8.3666
858833;52;7.2111
859167;71;8.42615
859500;70;8.3666
859833;51;7.14143
860167;64;8
860500;48;6.9282
860833;64;8
861167;59;7.68115
861500;49;7
861833;69;8.30662
862167;35;5.91608
862500;68;8.24621
862833;55;7.4162
863167;55;7.4162
863500;72;8.48528
863833;43;6.55744
864167;68;8.24621
864500;81;9
864833;42;6.48074
865167;72;8.48528
865500;68;8.24621
865833;42;6.48074
866167;71;8.42615
866500;35;5.91608
866833;56;7.48331
867167;70;8.3666
867500;60;7.74597
867833;51;7.14143
868167;48;6.9282
868500;68;8.24621
868833;63;7.93725
869167;42;6.48074
869500;73;8.544
869833;43;6.55744
870167;75;8.66025
870500;70;8.3666
870833;41;6.40312
871167;64;8
871500;53;7.28011
871833;50;7.07107
872167;57;7.54983
872500;39;6.245
872833;74;8.60233
873167;44;6.63325
873500;69;8.30662
873833;74;8.60233
874167;43;6.55744
874500;75;8.66025
874833;39;6.245
875167;62;7.87401
875500;46;6.78233
875833;45;6.7082
876167;58;7.61577
876500;39;6.245
876833;59;7.68115
877167;69;8.30662
877500;40;6.32456
877833;54;7.34847
878167;37;6.08276
878500;69;8.30662
878833;66;8.12404
879167;39;6.245
879500;55;7.4162
879833;44;6.63325
880167;78;8.83176
880500;61;7.81025
880833;60;7.74597
881167;58;7.61577
881500;59;7.68115
881833;43;6.55744
882167;68;8.24621
882500;54;7.34847
882833;72;8.48528
883167;48;6.9282
883500;39;6.245
883833;47;6.85565
884167;35;5.91608
884500;52;7.2111
884833;58;7.61577
885167;40;6.32456
885500;63;7.93725
885833;27;5.19615
886167;55;7.4162
886500;66;8.12404
886833;39;6.245
887167;48;6.9282
887500;36;6
887833;51;7.14143
888167;51;7.14143
888500;44;6.63325
888833;63;7.93725
889167;43;6.55744
889500;61;7.81025
889833;69;8.30662
890167;42;6.48074
890500;60;7.74597
890833;41;6.40312
891167;52;7.2111
891500;60;7.74597
891833;29;5.38516
892167;56;7.48331
892500;30;5.47723
892833;57;7.54983
893167;50;7.07107
893500;34;5.83095
893833;65;8.06226
894167;33;5.74456
894500;45;6.7082
894833;66;8.12404
895167;35;5.91608
895500;64;8
895833;32;5.65685
896167;61;7.81025
896500;46;6.78233
896833;40;6.32456
897167;62;7.87401
897500;62;7.87401
897833;32;5.65685
898167;47;6.85565
898500;30;5.47723
898833;54;7.34847
899167;65;8.06226
899500;34;5.83095
899833;58;7.61577
900167;41;6.40312
900500;57;7.54983
900833;45;6.7082
901167;34;5.83095
901500;59;7.68115
901833;43;6.55744
902167;58;7.61577
902500;54;7.34847
902833;39;6.245
903167;54;7.34847
903500;34;5.83095
903833;44;6.63325
904167;70;8.3666
904500;33;5.74456
904833;52;7.2111
905167;31;5.56776
905500;62;7.87401
905833;65;8.06226
906167;49;7
906500;53;7.28011
906833;39;6.245
907167;59;7.68115
907500;57;7.54983
907833;33;5.74456
908167;57;7.54983
908500;25;5
908833;57;7.54983
909167;57;7.54983
909500;34;5.83095
909833;48;6.9282
910167;31;5.56776
910500;44;6.63325
910833;55;7.4162
911167;29;5.38516
911500;51;7.14143
911833;27;5.19615
912167;56;7.48331
912500;44;6.63325
912833;30;5.47723
913167;60;7.74597
913500;51;7.14143
913833;27;5.19615
914167;66;8.12404
914500;32;5.65685
914833;49;7
915167;60;7.74597
915500;36;6
915833;49;7
916167;42;6.48074
916500;43;6.55744
916833;47;6.85565
917167;29;5.38516
917500;72;8.48528
917833;25;5
918167;50;7.07107
918500;51;7.14143
918833;40;6.32456
919167;45;6.7082
919500;32;5.65685
919833;48;6.9282
920167;67;8.18535
920500;37;6.08276
920833;46;6.78233
921167;24;4.89898
921500;46;6.78233
921833;49;7
922167;28;5.2915
922500;60;7.74597
922833;32;5.65685
923167;68;8.24621
923500;57;7.54983
923833;47;6.85565
924167;46;6.78233
924500;39;6.245
924833;40;6.32456
925167;50;7.07107
925500;34;5.83095
925833;49;7
926167;39;6.245
926500;51;7.14143
926833;48;6.9282
927167;30;5.47723
927500;41;6.40312
927833;37;6.08276
928167;46;6.78233
928500;46;6.78233
928833;26;5.09902
929167;52;7.2111
929500;35;5.91608
929833;39;6.245
930167;35;5.91608
930500;31;5.56776
930833;35;5.91608
931167;36;6
931500;29;5.38516
931833;49;7
932167;24;4.89898
932500;42;6.48074
932833;42;6.48074
933167;24;4.89898
933500;40;6.32456
933833;25;5
934167;57;7.54983
934500;47;6.85565
934833;35;5.91608
935167;49;7
935500;33;5.74456
935833;52;7.2111
936167;52;7.2111
936500;35;5.91608
936833;41;6.40312
937167;36;6
937500;48;6.9282
937833;44;6.63325
938167;31;5.56776
938500;47;6.85565
938833;33;5.74456
939167;41;6.40312
939500;48;6.9282
939833;37;6.08276
940167;45;6.7082
940500;25;5
940833;34;5.83095
941167;54;7.34847
941500;25;5
941833;54;7.34847
942167;27;5.19615
942500;42;6.48074
942833;59;7.68115
943167;23;4.79583
943500;51;7.14143
943833;33;5.74456
944167;55;7.4162
944500;35;5.91608
944833;26;5.09902
945167;41;6.40312
945500;45;6.7082
945833;24;4.89898
946167;41;6.40312
946500;27;5.19615
946833;40;6.32456
947167;46;6.78233
947500;36;6
947833;46;6.78233
948167;24;4.89898
948500;54;7.34847
948833;51;7.14143
949167;26;5.09902
949500;42;6.48074
949833;22;4.69042
950167;59;7.68115
950500;45;6.7082
950833;27;5.19615
951167;46;6.78233
951500;23;4.79583
951833;34;5.83095
952167;42;6.48074
952500;34;5.83095
952833;45;6.7082
953167;29;5.38516
953500;31;5.56776
953833;44;6.63325
954167;33;5.74456
954500;50;7.07107
954833;26;5.09902
955167;32;5.65685
955500;47;6.85565
955833;25;5
956167;39;6.245
956500;27;5.19615
956833;51;7.14143
957167;33;5.74456
957500;29;5.38516
957833;36;6
958167;31;5.56776
958500;47;6.85565
958833;34;5.83095
959167;30;5.47723
959500;43;6.55744
959833;26;5.09902
960167;48;6.9282
960500;39;6.245
960833;30;5.47723
961167;35;5.91608
961500;49;7
961833;23;4.79583
962167;43;6.55744
962500;27;5.19615
962833;44;6.63325
963167;35;5.91608
963500;24;4.89898
963833;41;6.40312
964167;29;5.38516
964500;38;6.16441
964833;45;6.7082
965167;20;4.47214
965500;42;6.48074
965833;26;5.09902
966167;32;5.65685
966500;38;6.16441
966833;30;5.47723
967167;35;5.91608
967500;29;5.38516
967833;42;6.48074
968167;46;6.78233
968500;33;5.74456
968833;40;6.32456
969167;23;4.79583
969500;34;5.83095
969833;47;6.85565
970167;36;6
970500;50;7.07107
970833;32;5.65685
971167;42;6.48074
971500;35;5.91608
971833;31;5.56776
972167;32;5.65685
972500;27;5.19615
972833;30;5.47723
973167;45;6.7082
973500;31;5.56776
973833;43;6.55744
974167;23;4.79583
974500;39;6.245
974833;38;6.16441
975167;32;5.65685
975500;41;6.40312
975833;23;4.79583
976167;48;6.9282
976500;36;6
976833;24;4.89898
977167;31;5.56776
977500;42;6.48074
977833;24;4.89898
978167;25;5
978500;26;5.09902
978833;45;6.7082
979167;32;5.65685
979500;24;4.89898
979833;41;6.40312
980167;25;5
980500;38;6.16441
980833;33;5.74456
981167;22;4.69042
981500;39;6.245
981833;27;5.19615
982167;37;6.08276
982500;31;5.56776
982833;31;5.56776
983167;32;5.65685
983500;17;4.12311
983833;40;6.32456
984167;35;5.91608
984500;24;4.89898
984833;46;6.78233
985167;29;5.38516
985500;49;7
985833;41;6.40312
986167;22;4.69042
986500;36;6
986833;26;5.09902
987167;46;6.78233
987500;42;6.48074
987833;23;4.79583
988167;37;6.08276
988500;22;4.69042
988833;36;6
989167;49;7
989500;25;5
989833;46;6.78233
990167;28;5.2915
990500;37;6.08276
990833;39;6.245
991167;32;5.65685
991500;43;6.55744
991833;20;4.47214
992167;37;6.08276
992500;35;5.91608
992833;20;4.47214
993167;37;6.08276
993500;30;5.47723
993833;34;5.83095
994167;47;6.85565
994500;29;5.38516
994833;30;5.47723
995167;33;5.74456
995500;25;5
995833;35;5.91608
996167;19;4.3589
996500;38;6.16441
996833;33;5.74456
997167;24;4.89898
997500;32;5.65685
997833;15;3.87298
998167;36;6
998500;36;6
998833;27;5.19615
999167;32;5.65685
999500;23;4.79583
999833;42;6.48074
