ch_1_SPECTRO_GRAPH;ch_1_SPECTRO;1
ch_1_ADC;3000;0;1e+06
166.667;0;0
500;0;0
833.333;0;0
1166.67;0;0
1500;0;0
1833.33;0;0
2166.67;0;0
2500;0;0
2833.33;0;0
3166.67;0;0
3500;0;0
3833.33;0;0
4166.67;0;0
4500;0;0
4833.33;0;0
5166.67;0;0
5500;0;0
5833.33;0;0
6166.67;0;0
6500;0;0
6833.33;0;0
7166.67;0;0
7500;0;0
7833.33;0;0
8166.67;0;0
8500;0;0
8833.33;0;0
9166.67;0;0
9500;0;0
9833.33;0;0
10166.7;0;0
10500;0;0
10833.3;0;0
11166.7;0;0
11500;0;0
11833.3;0;0
12166.7;0;0
12500;0;0
12833.3;0;0
13166.7;0;0
13500;0;0
13833.3;0;0
14166.7;0;0
14500;0;0
14833.3;0;0
15166.7;0;0
15500;0;0
15833.3;0;0
16166.7;0;0
16500;0;0
16833.3;0;0
17166.7;0;0
17500;0;0
17833.3;0;0
18166.7;0;0
18500;0;0
18833.3;0;0
19166.7;0;0
19500;0;0
19833.3;39094;197.722
20166.7;23526;153.382
20500;32942;181.499
20833.3;26998;164.311
21166.7;16493;128.425
21500;22768;150.891
21833.3;13383;115.685
22166.7;17419;131.981
22500;15335;123.835
22833.3;9274;96.3016
23166.7;12663;112.53
23500;8000;89.4427
23833.3;10567;102.796
24166.7;9190;95.8645
24500;5605;74.8665
24833.3;7784;88.227
25166.7;4834;69.527
25500;7190;84.7939
25833.3;6849;82.7587
26166.7;4245;65.1537
26500;6150;78.4219
26833.3;4162;64.5136
27166.7;6052;77.7946
27500;6132;78.3071
27833.3;4005;63.2851
28166.7;5985;77.3628
28500;3856;62.0967
28833.3;6204;78.7655
29166.7;5654;75.1931
29500;3825;61.8466
29833.3;6000;77.4597
30166.7;3741;61.1637
30500;5792;76.1052
30833.3;5622;74.98
31166.7;3750;61.2372
31500;6039;77.711
31833.3;3923;62.6339
32166.7;5818;76.2758
32500;5753;75.8485
32833.3;3771;61.4085
33166.7;5830;76.3544
33500;6187;78.6575
33833.3;4011;63.3325
34166.7;5981;77.3369
34500;3800;61.6441
34833.3;5775;75.9934
35166.7;5756;75.8683
35500;4149;64.4127
35833.3;6078;77.9615
36166.7;3929;62.6817
36500;5930;77.0065
36833.3;6330;79.5613
37166.7;4028;63.4665
37500;5937;77.0519
37833.3;4255;65.2304
38166.7;6297;79.3536
38500;6145;78.3901
38833.3;3907;62.506
39166.7;6169;78.543
39500;3880;62.2896
39833.3;6063;77.8653
40166.7;6322;79.511
40500;4121;64.195
40833.3;6278;79.2338
41166.7;4258;65.2534
41500;6504;80.6474
41833.3;6804;82.4864
42166.7;4710;68.6294
42500;6815;82.553
42833.3;4385;66.2193
43166.7;6986;83.5823
43500;6942;83.3187
43833.3;5012;70.7955
44166.7;7353;85.7496
44500;4796;69.2532
44833.3;7488;86.5332
45166.7;7798;88.3063
45500;4785;69.1737
45833.3;7330;85.6154
46166.7;5173;71.9236
46500;7264;85.2291
46833.3;7307;85.481
47166.7;4633;68.0661
47500;6937;83.2887
47833.3;4710;68.6294
48166.7;6969;83.4805
48500;6859;82.8191
48833.3;4537;67.3573
49166.7;6830;82.6438
49500;6623;81.3818
49833.3;4522;67.2458
50166.7;6820;82.5833
50500;4659;68.2569
50833.3;6612;81.3142
51166.7;6676;81.7068
51500;4542;67.3944
51833.3;6507;80.666
52166.7;4517;67.2086
52500;6721;81.9817
52833.3;6704;81.878
53166.7;4816;69.3974
53500;6721;81.9817
53833.3;4386;66.2269
54166.7;6734;82.061
54500;6682;81.7435
54833.3;4246;65.1613
55166.7;6351;79.6932
55500;4417;66.4605
55833.3;6417;80.1062
56166.7;6453;80.3306
56500;4423;66.5056
56833.3;6492;80.5729
57166.7;4343;65.9014
57500;6542;80.8826
57833.3;6035;77.6853
58166.7;4156;64.467
58500;6673;81.6884
58833.3;4382;66.1967
59166.7;6580;81.1172
59500;6647;81.5291
59833.3;4227;65.0154
60166.7;6637;81.4678
60500;4501;67.0895
60833.3;6600;81.2404
61166.7;6785;82.3711
61500;4907;70.05
61833.3;6764;82.2435
62166.7;4447;66.6858
62500;6822;82.5954
62833.3;6866;82.8613
63166.7;4458;66.7683
63500;6555;80.963
63833.3;4412;66.4229
64166.7;6679;81.7251
64500;6876;82.9216
64833.3;4609;67.8896
65166.7;6671;81.6762
65500;6885;82.9759
65833.3;4504;67.1118
66166.7;6943;83.3247
66500;4772;69.0797
66833.3;6926;83.2226
67166.7;6931;83.2526
67500;4647;68.1689
67833.3;7126;84.4156
68166.7;4721;68.7095
68500;7241;85.0941
68833.3;7289;85.3756
69166.7;4955;70.3918
69500;7752;88.0454
69833.3;4920;70.1427
70166.7;7238;85.0764
70500;7430;86.1974
70833.3;4835;69.5342
71166.7;7522;86.7295
71500;4890;69.9285
71833.3;7320;85.557
72166.7;7394;85.9884
72500;5046;71.0352
72833.3;7472;86.4407
73166.7;4937;70.2638
73500;7756;88.0682
73833.3;7891;88.8313
74166.7;5024;70.8802
74500;7288;85.3698
74833.3;4969;70.4911
75166.7;7822;88.4421
75500;7903;88.8988
75833.3;5161;71.8401
76166.7;7585;87.0919
76500;5122;71.5681
76833.3;8119;90.1055
77166.7;7870;88.713
77500;5346;73.1163
77833.3;8539;92.4067
78166.7;5242;72.4017
78500;8011;89.5042
78833.3;8111;90.0611
79166.7;5412;73.5663
79500;8084;89.9111
79833.3;5131;71.631
80166.7;8023;89.5712
80500;8222;90.6752
80833.3;5426;73.6614
81166.7;8108;90.0444
81500;8142;90.233
81833.3;5295;72.7668
82166.7;7975;89.3029
82500;5506;74.2024
82833.3;8577;92.6121
83166.7;8162;90.3438
83500;5505;74.1957
83833.3;8155;90.305
84166.7;5514;74.2563
84500;8075;89.861
84833.3;8482;92.0978
85166.7;5738;75.7496
85500;8637;92.9355
85833.3;6245;79.0253
86166.7;8734;93.4559
86500;8337;91.3072
86833.3;5685;75.3989
87166.7;8726;93.4131
87500;5582;74.7128
87833.3;8440;91.8695
88166.7;8468;92.0217
88500;5676;75.3392
88833.3;8718;93.3702
89166.7;5585;74.7329
89500;8110;90.0555
89833.3;8109;90.05
90166.7;5672;75.3127
90500;8795;93.7817
90833.3;5872;76.629
91166.7;8809;93.8563
91500;8628;92.887
91833.3;5663;75.2529
92166.7;8839;94.016
92500;5787;76.0723
92833.3;8791;93.7603
93166.7;8987;94.7998
93500;5997;77.4403
93833.3;9031;95.0316
94166.7;6021;77.5951
94500;9419;97.0515
94833.3;9116;95.4777
95166.7;6050;77.7817
95500;8868;94.1701
95833.3;5973;77.2852
96166.7;8771;93.6536
96500;8907;94.3769
96833.3;6181;78.6193
97166.7;9256;96.2081
97500;9084;95.31
97833.3;6155;78.4538
98166.7;9211;95.974
98500;6369;79.806
98833.3;9254;96.1977
99166.7;9566;97.8059
99500;6376;79.8499
99833.3;9268;96.2705
100167;6142;78.3709
100500;9594;97.949
100833;9474;97.3345
101167;6671;81.6762
101500;9827;99.1312
101833;6443;80.2683
102167;10714;103.508
102500;10264;101.311
102833;6865;82.8553
103167;10401;101.985
103500;7064;84.0476
103833;10280;101.39
104167;10604;102.976
104500;7161;84.6227
104833;10717;103.523
105167;7365;85.8196
105500;11110;105.404
105833;11129;105.494
106167;7695;87.7211
106500;11415;106.841
106833;7495;86.5737
107167;11748;108.388
107500;12111;110.05
107833;7883;88.7863
108167;11796;108.609
108500;8224;90.6863
108833;12241;110.639
109167;12577;112.147
109500;8542;92.4229
109833;12518;111.884
110167;8547;92.45
110500;12916;113.649
110833;13438;115.922
111167;8607;92.7739
111500;13214;114.952
111833;8469;92.0272
112167;12994;113.991
112500;12748;112.907
112833;8939;94.5463
113167;12816;113.208
113500;13303;115.339
113833;8897;94.3239
114167;12818;113.217
114500;8705;93.3006
114833;13129;114.582
115167;13102;114.464
115500;8778;93.691
115833;13184;114.822
116167;8467;92.0163
116500;12758;112.951
116833;13112;114.508
117167;8467;92.0163
117500;13080;114.368
117833;8492;92.152
118167;12567;112.103
118500;13602;116.628
118833;8549;92.4608
119167;12649;112.468
119500;8417;91.7442
119833;12699;112.69
120167;12457;111.611
120500;8286;91.0275
120833;11986;109.481
121167;7939;89.1011
121500;12321;111
121833;12312;110.959
122167;7783;88.2213
122500;11924;109.197
122833;7873;88.7299
123167;11173;105.702
123500;11262;106.123
123833;7943;89.1235
124167;11495;107.215
124500;7775;88.176
124833;11123;105.466
125167;11337;106.475
125500;7642;87.4185
125833;11523;107.345
126167;7552;86.9022
126500;11125;105.475
126833;11302;106.311
127167;8220;90.6642
127500;10897;104.389
127833;7589;87.1149
128167;11205;105.854
128500;10650;103.199
128833;7079;84.1368
129167;10476;102.352
129500;10604;102.976
129833;7346;85.7088
130167;10684;103.363
130500;6936;83.2827
130833;10598;102.947
131167;10319;101.582
131500;6907;83.1084
131833;10501;102.474
132167;6957;83.4086
132500;10240;101.193
132833;9927;99.6343
133167;6914;83.1505
133500;10185;100.921
133833;6899;83.0602
134167;10256;101.272
134500;9671;98.3412
134833;6648;81.5353
135167;10415;102.054
135500;6438;80.2371
135833;9884;99.4183
136167;9966;99.8299
136500;6461;80.3803
136833;9406;96.9845
137167;6197;78.721
137500;9453;97.2265
137833;9711;98.5444
138167;6323;79.5173
138500;9326;96.5712
138833;6147;78.4028
139167;9366;96.7781
139500;9133;95.5667
139833;6199;78.7337
140167;9300;96.4365
140500;5936;77.0454
140833;8977;94.747
141167;8982;94.7734
141500;6026;77.6273
141833;8976;94.7418
142167;6129;78.2879
142500;8920;94.4458
142833;8879;94.2284
143167;5816;76.2627
143500;9133;95.5667
143833;5676;75.3392
144167;8681;93.1719
144500;8880;94.2338
144833;5581;74.7061
145167;8239;90.7689
145500;8180;90.4434
145833;5558;74.552
146167;8690;93.2202
146500;5408;73.5391
146833;8132;90.1776
147167;8132;90.1776
147500;5323;72.9589
147833;8217;90.6477
148167;5588;74.7529
148500;8318;91.2031
148833;7978;89.3197
149167;5195;72.0763
149500;7875;88.7412
149833;5184;72
150167;7968;89.2637
150500;8053;89.7385
150833;4951;70.3633
151167;7929;89.0449
151500;5622;74.98
151833;7668;87.5671
152167;7842;88.5551
152500;5249;72.45
152833;7491;86.5506
153167;5078;71.2601
153500;7459;86.3655
153833;7416;86.1162
154167;4974;70.5266
154500;7566;86.9828
154833;5015;70.8167
155167;7351;85.738
155500;7385;85.936
155833;4936;70.2567
156167;7413;86.0988
156500;4956;70.3989
156833;7107;84.303
157167;7067;84.0655
157500;4639;68.1102
157833;7188;84.7821
158167;4607;67.8749
158500;7345;85.703
158833;7027;83.8272
159167;4675;68.374
159500;7090;84.2021
159833;4987;70.6187
160167;6924;83.2106
160500;6969;83.4805
160833;4714;68.6586
161167;6763;82.2375
161500;6941;83.3127
161833;4389;66.2495
162167;6781;82.3468
162500;4628;68.0294
162833;6927;83.2286
163167;6598;81.2281
163500;4428;66.5432
163833;6673;81.6884
164167;4283;65.4446
164500;6694;81.8169
164833;6932;83.2586
165167;4517;67.2086
165500;6535;80.8393
165833;4320;65.7267
166167;6659;81.6027
166500;6699;81.8474
166833;4518;67.2161
167167;6558;80.9815
167500;4374;66.1362
167833;7026;83.8212
168167;6458;80.3617
168500;4367;66.0833
168833;6562;81.0062
169167;4342;65.8939
169500;6353;79.7057
169833;6236;78.9683
170167;4264;65.2993
170500;6348;79.6743
170833;4364;66.0606
171167;6269;79.177
171500;6179;78.6066
171833;3905;62.49
172167;6065;77.8781
172500;4143;64.3661
172833;6205;78.7718
173167;6274;79.2086
173500;4127;64.2417
173833;6084;78
174167;4172;64.591
174500;6231;78.9367
174833;6344;79.6492
175167;4058;63.7024
175500;6016;77.5629
175833;4078;63.8592
176167;6626;81.4002
176500;6056;77.8203
176833;3995;63.206
177167;6213;78.8226
177500;5957;77.1816
177833;4026;63.4508
178167;6013;77.5435
178500;3967;62.9841
178833;6026;77.6273
179167;6017;77.5693
179500;3996;63.2139
179833;5975;77.2981
180167;3985;63.1269
180500;5742;75.776
180833;5882;76.6942
181167;3984;63.1189
181500;6044;77.7432
181833;3875;62.2495
182167;5972;77.2787
182500;5894;76.7724
182833;3977;63.0635
183167;6041;77.7239
183500;3855;62.0886
183833;5790;76.092
184167;6399;79.9937
184500;3985;63.1269
184833;6007;77.5048
185167;3927;62.6658
185500;5833;76.3741
185833;5873;76.6355
186167;3876;62.2575
186500;5563;74.5855
186833;3695;60.7865
187167;5907;76.857
187500;5692;75.4453
187833;3762;61.3351
188167;5611;74.9066
188500;3876;62.2575
188833;5287;72.7118
189167;5579;74.6927
189500;3725;61.0328
189833;5654;75.1931
190167;3720;60.9918
190500;5727;75.6769
190833;5625;75
191167;3774;61.4329
191500;5754;75.8551
191833;3878;62.2736
192167;5564;74.5922
192500;5943;77.0909
192833;3676;60.63
193167;5705;75.5315
193500;5836;76.3937
193833;3797;61.6198
194167;5728;75.6836
194500;3709;60.9016
194833;5623;74.9867
195167;5826;76.3282
195500;3759;61.3107
195833;5517;74.2765
196167;3718;60.9754
196500;5523;74.3169
196833;5604;74.8599
197167;3650;60.4152
197500;5641;75.1066
197833;3719;60.9836
198167;5518;74.2832
198500;5363;73.2325
198833;3855;62.0886
199167;5481;74.0338
199500;3685;60.7042
199833;5500;74.162
200167;5415;73.5867
200500;4026;63.4508
200833;5591;74.773
201167;3637;60.3075
201500;5634;75.06
201833;5595;74.7997
202167;3578;59.8164
202500;5603;74.8532
202833;3670;60.5805
203167;5463;73.9121
203500;5657;75.213
203833;3665;60.5392
204167;5309;72.8629
204500;3812;61.7414
204833;5549;74.4916
205167;5315;72.904
205500;3566;59.716
205833;5298;72.7874
206167;3637;60.3075
206500;5548;74.4849
206833;5568;74.619
207167;3565;59.7076
207500;5555;74.5319
207833;3692;60.7618
208167;5629;75.0267
208500;5711;75.5712
208833;3823;61.8304
209167;5828;76.3413
209500;5578;74.686
209833;3925;62.6498
210167;5607;74.8799
210500;3745;61.1964
210833;5429;73.6817
211167;5617;74.9466
211500;3811;61.7333
211833;5839;76.4133
212167;3707;60.8851
212500;5609;74.8933
212833;5546;74.4715
213167;3785;61.5224
213500;5390;73.4166
213833;3720;60.9918
214167;5706;75.5381
214500;5560;74.5654
214833;3566;59.716
215167;5737;75.743
215500;3764;61.3514
215833;5661;75.2396
216167;5628;75.02
216500;3671;60.5888
216833;6023;77.608
217167;3732;61.0901
217500;5616;74.94
217833;5688;75.4188
218167;3775;61.441
218500;5613;74.92
218833;3832;61.9032
219167;5587;74.7462
219500;5654;75.1931
219833;3861;62.1369
220167;5692;75.4453
220500;3647;60.3904
220833;5123;71.5751
221167;5332;73.0205
221500;3697;60.803
221833;5747;75.809
222167;4048;63.6239
222500;5679;75.3591
222833;5686;75.4056
223167;3821;61.8142
223500;5747;75.809
223833;3795;61.6036
224167;5775;75.9934
224500;5564;74.5922
224833;3751;61.2454
225167;5820;76.2889
225500;5929;77
225833;3816;61.7738
226167;5872;76.629
226500;4076;63.8436
226833;5808;76.2102
227167;5632;75.0467
227500;3883;62.3137
227833;5758;75.8815
228167;4061;63.726
228500;5729;75.6902
228833;5667;75.2795
229167;3757;61.2944
229500;5762;75.9078
229833;3846;62.0161
230167;5889;76.7398
230500;5931;77.013
230833;3660;60.4979
231167;5780;76.0263
231500;3822;61.8223
231833;5802;76.1709
232167;5947;77.1168
232500;3770;61.4003
232833;5736;75.7364
233167;3967;62.9841
233500;6297;79.3536
233833;5708;75.5513
234167;3952;62.8649
234500;5993;77.4145
234833;3967;62.9841
235167;6076;77.9487
235500;5727;75.6769
235833;3882;62.3057
236167;5915;76.909
236500;3944;62.8013
236833;5823;76.3086
237167;5826;76.3282
237500;3771;61.4085
237833;5545;74.4648
238167;3977;63.0635
238500;5972;77.2787
238833;5976;77.3046
239167;3944;62.8013
239500;5783;76.046
239833;4078;63.8592
240167;5847;76.4657
240500;5953;77.1557
240833;3901;62.458
241167;5970;77.2658
241500;5978;77.3175
241833;4263;65.2917
242167;5789;76.0855
242500;3967;62.9841
242833;6022;77.6015
243167;5960;77.201
243500;3798;61.6279
243833;5741;75.7694
244167;3981;63.0952
244500;5915;76.909
244833;5836;76.3937
245167;3773;61.4248
245500;5871;76.6225
245833;3909;62.522
246167;5683;75.3857
246500;5710;75.5645
246833;3948;62.8331
247167;5701;75.505
247500;3656;60.4649
247833;5601;74.8398
248167;5554;74.5252
248500;3830;61.887
248833;5614;74.9266
249167;3641;60.3407
249500;5604;74.8599
249833;5747;75.809
250167;3702;60.8441
250500;5449;73.8173
250833;3811;61.7333
251167;5335;73.0411
251500;5403;73.5051
251833;3575;59.7913
252167;5294;72.7599
252500;3495;59.1185
252833;5382;73.3621
253167;5179;71.9653
253500;3370;58.0517
253833;5156;71.8053
254167;3404;58.3438
254500;4692;68.4982
254833;5010;70.7814
255167;3217;56.7186
255500;4956;70.3989
255833;3276;57.2364
256167;4900;70
256500;4741;68.8549
256833;3208;56.6392
257167;4602;67.838
257500;4549;67.4463
257833;3022;54.9727
258167;4765;69.029
258500;2888;53.7401
258833;4386;66.2269
259167;4303;65.5973
259500;2861;53.4883
259833;4148;64.405
260167;2676;51.7301
260500;4164;64.5291
260833;4116;64.1561
261167;2607;51.0588
261500;3889;62.3618
261833;2638;51.3615
262167;3900;62.45
262500;3727;61.0492
262833;2465;49.6488
263167;3725;61.0328
263500;2365;48.6313
263833;3443;58.6771
264167;3479;58.983
264500;2344;48.4149
264833;3467;58.8812
265167;2258;47.5184
265500;3259;57.0877
265833;3187;56.4535
266167;2303;47.9896
266500;3135;55.9911
266833;2059;45.3762
267167;3175;56.3471
267500;2944;54.2586
267833;1969;44.3734
268167;2888;53.7401
268500;1886;43.4281
268833;2763;52.5642
269167;2841;53.301
269500;1758;41.9285
269833;2608;51.0686
270167;1746;41.7852
270500;2520;50.1996
270833;2454;49.5379
271167;1716;41.4246
271500;2343;48.4045
271833;1559;39.4842
272167;2315;48.1144
272500;2290;47.8539
272833;1556;39.4462
273167;2361;48.5901
273500;2187;46.7654
273833;1452;38.1051
274167;2278;47.7284
274500;1449;38.0657
274833;2158;46.4543
275167;2117;46.0109
275500;1475;38.4057
275833;2079;45.5961
276167;1438;37.921
276500;1972;44.4072
276833;1957;44.238
277167;1324;36.3868
277500;1858;43.1045
277833;1281;35.7911
278167;1824;42.7083
278500;1809;42.5323
278833;1211;34.7994
279167;1808;42.5206
279500;1187;34.4529
279833;1691;41.1218
280167;1712;41.3763
280500;1123;33.5112
280833;1655;40.6817
281167;1118;33.4365
281500;1702;41.2553
281833;1611;40.1373
282167;1035;32.1714
282500;1714;41.4005
282833;1034;32.1559
283167;1508;38.833
283500;1602;40.025
283833;980;31.305
284167;1488;38.5746
284500;1057;32.5115
284833;1451;38.092
285167;1466;38.2884
285500;1061;32.573
285833;1416;37.6298
286167;910;30.1662
286500;1441;37.9605
286833;1424;37.7359
287167;845;29.0689
287500;1396;37.3631
287833;920;30.3315
288167;1333;36.5103
288500;1279;35.7631
288833;869;29.4788
289167;1301;36.0694
289500;1289;35.9026
289833;857;29.2746
290167;1210;34.7851
290500;837;28.931
290833;1335;36.5377
291167;1182;34.3802
291500;804;28.3549
291833;1207;34.7419
292167;772;27.7849
292500;1210;34.7851
292833;1070;32.7109
293167;748;27.3496
293500;1159;34.0441
293833;787;28.0535
294167;1138;33.7343
294500;1055;32.4808
294833;729;27
295167;1007;31.7333
295500;700;26.4575
295833;1084;32.9242
296167;1025;32.0156
296500;691;26.2869
296833;956;30.9192
297167;691;26.2869
297500;992;31.496
297833;1035;32.1714
298167;668;25.8457
298500;955;30.9031
298833;702;26.4953
299167;1040;32.249
299500;957;30.9354
299833;683;26.1343
300167;957;30.9354
300500;621;24.9199
300833;972;31.1769
301167;923;30.3809
301500;630;25.0998
301833;887;29.7825
302167;555;23.5584
302500;883;29.7153
302833;888;29.7993
303167;567;23.8118
303500;888;29.7993
303833;563;23.7276
304167;898;29.9666
304500;840;28.9828
304833;606;24.6171
305167;837;28.931
305500;820;28.6356
305833;577;24.0208
306167;858;29.2916
306500;573;23.9374
306833;850;29.1548
307167;855;29.2404
307500;551;23.4734
307833;855;29.2404
308167;609;24.6779
308500;852;29.189
308833;850;29.1548
309167;528;22.9783
309500;750;27.3861
309833;536;23.1517
310167;801;28.3019
310500;754;27.4591
310833;508;22.5389
311167;743;27.258
311500;488;22.0907
311833;746;27.313
312167;803;28.3373
312500;541;23.2594
312833;712;26.6833
313167;512;22.6274
313500;710;26.6458
313833;735;27.1109
314167;523;22.8692
314500;704;26.533
314833;495;22.2486
315167;789;28.0891
315500;659;25.671
315833;491;22.1585
316167;715;26.7395
316500;509;22.561
316833;720;26.8328
317167;687;26.2107
317500;431;20.7605
317833;716;26.7582
318167;510;22.5832
318500;667;25.8263
318833;663;25.7488
319167;477;21.8403
319500;711;26.6646
319833;440;20.9762
320167;676;26
320500;739;27.1846
320833;450;21.2132
321167;626;25.02
321500;654;25.5734
321833;418;20.445
322167;645;25.3969
322500;461;21.4709
322833;671;25.9037
323167;689;26.2488
323500;486;22.0454
323833;630;25.0998
324167;432;20.7846
324500;672;25.923
324833;652;25.5343
325167;438;20.9284
325500;646;25.4165
325833;450;21.2132
326167;656;25.6125
326500;641;25.318
326833;441;21
327167;649;25.4755
327500;462;21.4942
327833;706;26.5707
328167;658;25.6515
328500;459;21.4243
328833;719;26.8142
329167;445;21.095
329500;682;26.1151
329833;687;26.2107
330167;447;21.1424
330500;744;27.2764
330833;500;22.3607
331167;713;26.7021
331500;807;28.4077
331833;473;21.7486
332167;803;28.3373
332500;532;23.0651
332833;807;28.4077
333167;762;27.6043
333500;548;23.4094
333833;792;28.1425
334167;586;24.2074
334500;878;29.6311
334833;847;29.1033
335167;573;23.9374
335500;963;31.0322
335833;720;26.8328
336167;1008;31.749
336500;1021;31.9531
336833;724;26.9072
337167;1047;32.3574
337500;1182;34.3802
337833;789;28.0891
338167;1104;33.2265
338500;823;28.688
338833;1299;36.0416
339167;1357;36.8375
339500;909;30.1496
339833;1509;38.8458
340167;1108;33.2866
340500;1634;40.4228
340833;1790;42.3084
341167;1212;34.8138
341500;1900;43.589
341833;1245;35.2846
342167;2010;44.833
342500;2083;45.6399
342833;1528;39.0896
343167;2392;48.9081
343500;1589;39.8623
343833;2624;51.225
344167;2799;52.9056
344500;1943;44.0795
344833;3041;55.1453
345167;2126;46.1086
345500;3241;56.9298
345833;3424;58.515
346167;2418;49.1732
346500;3660;60.4979
346833;2732;52.2685
347167;4022;63.4192
347500;4311;65.6582
347833;3227;56.8067
348167;4900;70
348500;3255;57.0526
348833;5315;72.904
349167;5695;75.4652
349500;3736;61.1228
349833;6120;78.2304
350167;4025;63.4429
350500;6574;81.0802
350833;7182;84.7467
351167;4749;68.913
351500;7263;85.2232
351833;4532;67.3201
352167;7886;88.8032
352500;8494;92.1629
352833;6052;77.7946
353167;9431;97.1133
353500;9852;99.2572
353833;6814;82.547
354167;10225;101.119
354500;7187;84.7762
354833;11072;105.224
355167;11862;108.913
355500;8088;89.9333
355833;12423;111.459
356167;8734;93.4559
356500;14371;119.879
356833;13719;117.128
357167;9960;99.7998
357500;15108;122.915
357833;10416;102.059
358167;15828;125.809
358500;16691;129.194
358833;11354;106.555
359167;18018;134.231
359500;12247;110.666
359833;18611;136.422
360167;19890;141.032
360500;13551;116.409
360833;20341;142.622
361167;14367;119.862
361500;22337;149.456
361833;22367;149.556
362167;14935;122.209
362500;23670;153.851
362833;15710;125.34
363167;24827;157.566
363500;24860;157.671
363833;16687;129.178
364167;27482;165.777
364500;18743;136.905
364833;26867;163.912
365167;27557;166.003
365500;19429;139.388
365833;28799;169.703
366167;19510;139.678
366500;29348;171.313
366833;29957;173.081
367167;20645;143.684
367500;31416;177.246
367833;20854;144.409
368167;31822;178.387
368500;31816;178.37
368833;21396;146.274
369167;32459;180.164
369500;33892;184.098
369833;22286;149.285
370167;33731;183.66
370500;22167;148.886
370833;34399;185.47
371167;34064;184.564
371500;23377;152.895
371833;34347;185.329
372167;22499;149.997
372500;34929;186.893
372833;36731;191.653
373167;22733;150.775
373500;35774;189.14
373833;23264;152.525
374167;34679;186.223
374500;34386;185.435
374833;23118;152.046
375167;33885;184.079
375500;23418;153.029
375833;33667;183.486
376167;32953;181.53
376500;22520;150.067
376833;32885;181.342
377167;21464;146.506
377500;32722;180.892
377833;32768;181.019
378167;20783;144.163
378500;30815;175.542
378833;20613;143.572
379167;29559;171.927
379500;30272;173.989
379833;19218;138.629
380167;28241;168.051
380500;18749;136.927
380833;29373;171.386
381167;26709;163.429
381500;17646;132.838
381833;26047;161.391
382167;16827;129.719
382500;24358;156.07
382833;23299;152.64
383167;15295;123.673
383500;22355;149.516
383833;14878;121.975
384167;21411;146.325
384500;20388;142.787
384833;13296;115.308
385167;18842;137.266
385500;17090;130.729
385833;12227;110.576
386167;17619;132.737
386500;11080;105.262
386833;15950;126.293
387167;15665;125.16
387500;9749;98.737
387833;14766;121.515
388167;9027;95.0105
388500;13216;114.961
388833;12607;112.281
389167;8742;93.4987
389500;11326;106.424
389833;7509;86.6545
390167;10836;104.096
390500;9781;98.8989
390833;6263;79.1391
391167;8888;94.2762
391500;5626;75.0067
391833;8354;91.4002
392167;7714;87.8294
392500;4796;69.2532
392833;7090;84.2021
393167;4426;66.5282
393500;6335;79.5927
393833;5920;76.9415
394167;3839;61.9597
394500;5222;72.2634
394833;3180;56.3915
395167;4638;68.1029
395500;4313;65.6734
395833;2723;52.1824
396167;3797;61.6198
396500;2384;48.8262
396833;3368;58.0345
397167;3349;57.8705
397500;1932;43.9545
397833;2741;52.3546
398167;1688;41.0853
398500;2526;50.2593
398833;2134;46.1952
399167;1398;37.3898
399500;1984;44.5421
399833;1190;34.4964
400167;1734;41.6413
400500;1641;40.5093
400833;957;30.9354
401167;1414;37.6032
401500;1309;36.1801
401833;764;27.6405
402167;1142;33.7935
402500;656;25.6125
402833;952;30.8545
403167;855;29.2404
403500;511;22.6053
403833;751;27.4044
404167;512;22.6274
404500;654;25.5734
404833;645;25.3969
405167;379;19.4679
405500;611;24.7184
405833;369;19.2094
406167;503;22.4277
406500;491;22.1585
406833;321;17.9165
407167;430;20.7364
407500;242;15.5563
407833;368;19.1833
408167;374;19.3391
408500;258;16.0624
408833;336;18.3303
409167;224;14.9666
409500;317;17.8045
409833;265;16.2788
410167;203;14.2478
410500;264;16.2481
410833;196;14
411167;250;15.8114
411500;219;14.7986
411833;154;12.4097
412167;277;16.6433
412500;172;13.1149
412833;202;14.2127
413167;209;14.4568
413500;187;13.6748
413833;213;14.5945
414167;131;11.4455
414500;219;14.7986
414833;188;13.7113
415167;144;12
415500;183;13.5277
415833;125;11.1803
416167;190;13.784
416500;187;13.6748
416833;113;10.6301
417167;155;12.4499
417500;177;13.3041
417833;115;10.7238
418167;182;13.4907
418500;127;11.2694
418833;203;14.2478
419167;155;12.4499
419500;108;10.3923
419833;178;13.3417
420167;93;9.64365
420500;149;12.2066
420833;170;13.0384
421167;98;9.89949
421500;162;12.7279
421833;102;10.0995
422167;167;12.9228
422500;141;11.8743
422833;104;10.198
423167;160;12.6491
423500;112;10.583
423833;145;12.0416
424167;143;11.9583
424500;98;9.89949
424833;153;12.3693
425167;95;9.74679
425500;149;12.2066
425833;135;11.619
426167;102;10.0995
426500;150;12.2474
426833;108;10.3923
427167;137;11.7047
427500;142;11.9164
427833;101;10.0499
428167;148;12.1655
428500;87;9.32738
428833;152;12.3288
429167;137;11.7047
429500;99;9.94987
429833;130;11.4018
430167;93;9.64365
430500;141;11.8743
430833;145;12.0416
431167;92;9.59166
431500;152;12.3288
431833;97;9.84886
432167;142;11.9164
432500;129;11.3578
432833;108;10.3923
433167;145;12.0416
433500;130;11.4018
433833;98;9.89949
434167;139;11.7898
434500;82;9.05539
434833;142;11.9164
435167;134;11.5758
435500;89;9.43398
435833;127;11.2694
436167;97;9.84886
436500;137;11.7047
436833;124;11.1355
437167;79;8.88819
437500;142;11.9164
437833;72;8.48528
438167;120;10.9545
438500;126;11.225
438833;73;8.544
439167;130;11.4018
439500;67;8.18535
439833;113;10.6301
440167;119;10.9087
440500;82;9.05539
440833;137;11.7047
441167;93;9.64365
441500;120;10.9545
441833;129;11.3578
442167;102;10.0995
442500;112;10.583
442833;85;9.21954
443167;112;10.583
443500;141;11.8743
443833;82;9.05539
444167;108;10.3923
444500;85;9.21954
444833;107;10.3441
445167;128;11.3137
445500;87;9.32738
445833;122;11.0454
446167;77;8.77496
446500;115;10.7238
446833;104;10.198
447167;74;8.60233
447500;119;10.9087
447833;75;8.66025
448167;141;11.8743
448500;118;10.8628
448833;76;8.7178
449167;123;11.0905
449500;120;10.9545
449833;71;8.42615
450167;95;9.74679
450500;84;9.16515
450833;135;11.619
451167;107;10.3441
451500;74;8.60233
451833;109;10.4403
452167;85;9.21954
452500;90;9.48683
452833;96;9.79796
453167;79;8.88819
453500;112;10.583
453833;89;9.43398
454167;100;10
454500;125;11.1803
454833;86;9.27362
455167;123;11.0905
455500;82;9.05539
455833;111;10.5357
456167;129;11.3578
456500;68;8.24621
456833;99;9.94987
457167;78;8.83176
457500;112;10.583
457833;103;10.1489
458167;74;8.60233
458500;112;10.583
458833;66;8.12404
459167;110;10.4881
459500;113;10.6301
459833;62;7.87401
460167;90;9.48683
460500;70;8.3666
460833;105;10.247
461167;97;9.84886
461500;83;9.11043
461833;114;10.6771
462167;64;8
462500;109;10.4403
462833;120;10.9545
463167;71;8.42615
463500;90;9.48683
463833;90;9.48683
464167;101;10.0499
464500;96;9.79796
464833;71;8.42615
465167;101;10.0499
465500;98;9.89949
465833;83;9.11043
466167;113;10.6301
466500;60;7.74597
466833;100;10
467167;102;10.0995
467500;68;8.24621
467833;89;9.43398
468167;69;8.30662
468500;107;10.3441
468833;88;9.38083
469167;70;8.3666
469500;112;10.583
469833;62;7.87401
470167;100;10
470500;94;9.69536
470833;64;8
471167;103;10.1489
471500;54;7.34847
471833;108;10.3923
472167;99;9.94987
472500;73;8.544
472833;104;10.198
473167;71;8.42615
473500;93;9.64365
473833;109;10.4403
474167;86;9.27362
474500;107;10.3441
474833;72;8.48528
475167;105;10.247
475500;99;9.94987
475833;48;6.9282
476167;124;11.1355
476500;79;8.88819
476833;91;9.53939
477167;91;9.53939
477500;69;8.30662
477833;98;9.89949
478167;58;7.61577
478500;104;10.198
478833;105;10.247
479167;58;7.61577
479500;87;9.32738
479833;60;7.74597
480167;111;10.5357
480500;101;10.0499
480833;62;7.87401
481167;81;9
481500;91;9.53939
481833;52;7.2111
482167;84;9.16515
482500;52;7.2111
482833;80;8.94427
483167;89;9.43398
483500;54;7.34847
483833;89;9.43398
484167;61;7.81025
484500;110;10.4881
484833;95;9.74679
485167;67;8.18535
485500;91;9.53939
485833;47;6.85565
486167;90;9.48683
486500;90;9.48683
486833;49;7
487167;93;9.64365
487500;65;8.06226
487833;77;8.77496
488167;116;10.7703
488500;56;7.48331
488833;99;9.94987
489167;46;6.78233
489500;92;9.59166
489833;83;9.11043
490167;55;7.4162
490500;89;9.43398
490833;62;7.87401
491167;93;9.64365
491500;85;9.21954
491833;48;6.9282
492167;81;9
492500;58;7.61577
492833;92;9.59166
493167;87;9.32738
493500;45;6.7082
493833;92;9.59166
494167;66;8.12404
494500;78;8.83176
494833;68;8.24621
495167;52;7.2111
495500;66;8.12404
495833;55;7.4162
496167;89;9.43398
496500;67;8.18535
496833;55;7.4162
497167;69;8.30662
497500;73;8.544
497833;50;7.07107
498167;74;8.60233
498500;67;8.18535
498833;81;9
499167;73;8.544
499500;54;7.34847
499833;68;8.24621
500167;37;6.08276
500500;90;9.48683
500833;85;9.21954
501167;46;6.78233
501500;73;8.544
501833;48;6.9282
502167;64;8
502500;83;9.11043
502833;52;7.2111
503167;55;7.4162
503500;48;6.9282
503833;76;8.7178
504167;75;8.66025
504500;45;6.7082
504833;82;9.05539
505167;58;7.61577
505500;70;8.3666
505833;68;8.24621
506167;45;6.7082
506500;63;7.93725
506833;57;7.54983
507167;82;9.05539
507500;69;8.30662
507833;38;6.16441
508167;68;8.24621
508500;54;7.34847
508833;60;7.74597
509167;77;8.77496
509500;55;7.4162
509833;69;8.30662
510167;50;7.07107
510500;69;8.30662
510833;66;8.12404
511167;36;6
511500;70;8.3666
511833;67;8.18535
512167;77;8.77496
512500;50;7.07107
512833;46;6.78233
513167;65;8.06226
513500;58;7.61577
513833;51;7.14143
514167;54;7.34847
514500;40;6.32456
514833;65;8.06226
515167;66;8.12404
515500;55;7.4162
515833;57;7.54983
516167;37;6.08276
516500;60;7.74597
516833;55;7.4162
517167;36;6
517500;63;7.93725
517833;36;6
518167;63;7.93725
518500;62;7.87401
518833;38;6.16441
519167;59;7.68115
519500;42;6.48074
519833;52;7.2111
520167;70;8.3666
520500;43;6.55744
520833;63;7.93725
521167;40;6.32456
521500;57;7.54983
521833;59;7.68115
522167;44;6.63325
522500;61;7.81025
522833;24;4.89898
523167;63;7.93725
523500;60;7.74597
523833;33;5.74456
524167;56;7.48331
524500;38;6.16441
524833;58;7.61577
525167;48;6.9282
525500;38;6.16441
525833;61;7.81025
526167;28;5.2915
526500;52;7.2111
526833;72;8.48528
527167;43;6.55744
527500;63;7.93725
527833;35;5.91608
528167;63;7.93725
528500;54;7.34847
528833;35;5.91608
529167;54;7.34847
529500;60;7.74597
529833;44;6.63325
530167;45;6.7082
530500;40;6.32456
530833;36;6
531167;52;7.2111
531500;37;6.08276
531833;60;7.74597
532167;37;6.08276
532500;61;7.81025
532833;42;6.48074
533167;40;6.32456
533500;53;7.28011
533833;42;6.48074
534167;50;7.07107
534500;63;7.93725
534833;32;5.65685
535167;69;8.30662
535500;26;5.09902
535833;55;7.4162
536167;52;7.2111
536500;34;5.83095
536833;57;7.54983
537167;32;5.65685
537500;54;7.34847
537833;39;6.245
538167;51;7.14143
538500;65;8.06226
538833;32;5.65685
539167;58;7.61577
539500;40;6.32456
539833;35;5.91608
540167;55;7.4162
540500;39;6.245
540833;39;6.245
541167;50;7.07107
541500;31;5.56776
541833;42;6.48074
542167;25;5
542500;49;7
542833;42;6.48074
543167;42;6.48074
543500;48;6.9282
543833;23;4.79583
544167;54;7.34847
544500;36;6
544833;30;5.47723
545167;35;5.91608
545500;46;6.78233
545833;36;6
546167;57;7.54983
546500;31;5.56776
546833;51;7.14143
547167;34;5.83095
547500;24;4.89898
547833;42;6.48074
548167;35;5.91608
548500;43;6.55744
548833;49;7
549167;30;5.47723
549500;44;6.63325
549833;25;5
550167;59;7.68115
550500;44;6.63325
550833;33;5.74456
551167;49;7
551500;29;5.38516
551833;50;7.07107
552167;45;6.7082
552500;32;5.65685
552833;30;5.47723
553167;37;6.08276
553500;36;6
553833;41;6.40312
554167;30;5.47723
554500;50;7.07107
554833;28;5.2915
555167;50;7.07107
555500;42;6.48074
555833;19;4.3589
556167;41;6.40312
556500;27;5.19615
556833;40;6.32456
557167;51;7.14143
557500;24;4.89898
557833;40;6.32456
558167;31;5.56776
558500;50;7.07107
558833;39;6.245
559167;23;4.79583
559500;47;6.85565
559833;36;6
560167;42;6.48074
560500;32;5.65685
560833;36;6
561167;48;6.9282
561500;50;7.07107
561833;24;4.89898
562167;45;6.7082
562500;26;5.09902
562833;37;6.08276
563167;36;6
563500;32;5.65685
563833;42;6.48074
564167;23;4.79583
564500;43;6.55744
564833;38;6.16441
565167;33;5.74456
565500;45;6.7082
565833;25;5
566167;55;7.4162
566500;45;6.7082
566833;24;4.89898
567167;33;5.74456
567500;27;5.19615
567833;45;6.7082
568167;48;6.9282
568500;33;5.74456
568833;36;6
569167;24;4.89898
569500;36;6
569833;30;5.47723
570167;28;5.2915
570500;43;6.55744
570833;25;5
571167;40;6.32456
571500;52;7.2111
571833;24;4.89898
572167;35;5.91608
572500;32;5.65685
572833;39;6.245
573167;41;6.40312
573500;30;5.47723
573833;38;6.16441
574167;24;4.89898
574500;40;6.32456
574833;35;5.91608
575167;31;5.56776
575500;40;6.32456
575833;33;5.74456
576167;42;6.48074
576500;40;6.32456
576833;32;5.65685
577167;42;6.48074
577500;41;6.40312
577833;22;4.69042
578167;35;5.91608
578500;18;4.24264
578833;34;5.83095
579167;34;5.83095
579500;16;4
579833;36;6
580167;20;4.47214
580500;34;5.83095
580833;31;5.56776
581167;24;4.89898
581500;32;5.65685
581833;20;4.47214
582167;37;6.08276
582500;31;5.56776
582833;17;4.12311
583167;39;6.245
583500;21;4.58258
583833;34;5.83095
584167;37;6.08276
584500;25;5
584833;32;5.65685
585167;26;5.09902
585500;39;6.245
585833;34;5.83095
586167;26;5.09902
586500;41;6.40312
586833;26;5.09902
587167;38;6.16441
587500;38;6.16441
587833;15;3.87298
588167;32;5.65685
588500;24;4.89898
588833;37;6.08276
589167;34;5.83095
589500;19;4.3589
589833;28;5.2915
590167;14;3.74166
590500;37;6.08276
590833;32;5.65685
591167;24;4.89898
591500;25;5
591833;35;5.91608
592167;44;6.63325
592500;31;5.56776
592833;27;5.19615
593167;33;5.74456
593500;37;6.08276
593833;26;5.09902
594167;33;5.74456
594500;18;4.24264
594833;47;6.85565
595167;34;5.83095
595500;22;4.69042
595833;32;5.65685
596167;29;5.38516
596500;39;6.245
596833;37;6.08276
597167;25;5
597500;35;5.91608
597833;28;5.2915
598167;41;6.40312
598500;35;5.91608
598833;14;3.74166
599167;29;5.38516
599500;26;5.09902
599833;45;6.7082
600167;35;5.91608
600500;15;3.87298
600833;44;6.63325
601167;19;4.3589
601500;38;6.16441
601833;37;6.08276
602167;24;4.89898
602500;28;5.2915
602833;25;5
603167;34;5.83095
603500;39;6.245
603833;26;5.09902
604167;28;5.2915
604500;19;4.3589
604833;23;4.79583
605167;25;5
605500;23;4.79583
605833;38;6.16441
606167;32;5.65685
606500;34;5.83095
606833;36;6
607167;25;5
607500;30;5.47723
607833;18;4.24264
608167;28;5.2915
608500;45;6.7082
608833;34;5.83095
609167;38;6.16441
609500;35;5.91608
609833;17;4.12311
610167;39;6.245
610500;31;5.56776
610833;38;6.16441
611167;26;5.09902
611500;15;3.87298
611833;26;5.09902
612167;25;5
612500;29;5.38516
612833;27;5.19615
613167;21;4.58258
613500;22;4.69042
613833;22;4.69042
614167;28;5.2915
614500;29;5.38516
614833;15;3.87298
615167;35;5.91608
615500;17;4.12311
615833;32;5.65685
616167;32;5.65685
616500;9;3
616833;39;6.245
617167;22;4.69042
617500;30;5.47723
617833;25;5
618167;18;4.24264
618500;25;5
618833;17;4.12311
619167;24;4.89898
619500;31;5.56776
619833;28;5.2915
620167;37;6.08276
620500;17;4.12311
620833;37;6.08276
621167;28;5.2915
621500;20;4.47214
621833;29;5.38516
622167;20;4.47214
622500;27;5.19615
622833;30;5.47723
623167;11;3.31662
623500;33;5.74456
623833;17;4.12311
624167;27;5.19615
624500;23;4.79583
624833;15;3.87298
625167;29;5.38516
625500;23;4.79583
625833;11;3.31662
626167;33;5.74456
626500;18;4.24264
626833;24;4.89898
627167;35;5.91608
627500;19;4.3589
627833;29;5.38516
628167;15;3.87298
628500;24;4.89898
628833;21;4.58258
629167;13;3.60555
629500;32;5.65685
629833;19;4.3589
630167;24;4.89898
630500;22;4.69042
630833;13;3.60555
631167;21;4.58258
631500;18;4.24264
631833;26;5.09902
632167;21;4.58258
632500;26;5.09902
632833;29;5.38516
633167;16;4
633500;33;5.74456
633833;25;5
634167;14;3.74166
634500;23;4.79583
634833;30;5.47723
635167;23;4.79583
635500;25;5
635833;27;5.19615
636167;25;5
636500;10;3.16228
636833;29;5.38516
637167;23;4.79583
637500;18;4.24264
637833;26;5.09902
638167;17;4.12311
638500;26;5.09902
638833;22;4.69042
639167;15;3.87298
639500;23;4.79583
639833;14;3.74166
640167;22;4.69042
640500;23;4.79583
640833;16;4
641167;24;4.89898
641500;34;5.83095
641833;12;3.4641
642167;29;5.38516
642500;16;4
642833;25;5
643167;33;5.74456
643500;19;4.3589
643833;27;5.19615
644167;16;4
644500;33;5.74456
644833;31;5.56776
645167;15;3.87298
645500;28;5.2915
645833;14;3.74166
646167;19;4.3589
646500;23;4.79583
646833;14;3.74166
647167;21;4.58258
647500;13;3.60555
647833;28;5.2915
648167;25;5
648500;9;3
648833;14;3.74166
649167;18;4.24264
649500;27;5.19615
649833;24;4.89898
650167;13;3.60555
650500;27;5.19615
650833;20;4.47214
651167;26;5.09902
651500;26;5.09902
651833;11;3.31662
652167;20;4.47214
652500;11;3.31662
652833;20;4.47214
653167;32;5.65685
653500;18;4.24264
653833;26;5.09902
654167;10;3.16228
654500;21;4.58258
654833;26;5.09902
655167;16;4
655500;32;5.65685
655833;10;3.16228
656167;27;5.19615
656500;23;4.79583
656833;18;4.24264
657167;11;3.31662
657500;27;5.19615
657833;10;3.16228
658167;25;5
658500;9;3
658833;22;4.69042
659167;18;4.24264
659500;18;4.24264
659833;25;5
660167;16;4
660500;15;3.87298
660833;15;3.87298
661167;19;4.3589
661500;21;4.58258
661833;13;3.60555
662167;19;4.3589
662500;24;4.89898
662833;9;3
663167;17;4.12311
663500;18;4.24264
663833;17;4.12311
664167;18;4.24264
664500;15;3.87298
664833;17;4.12311
665167;18;4.24264
665500;13;3.60555
665833;20;4.47214
666167;17;4.12311
666500;17;4.12311
666833;10;3.16228
667167;23;4.79583
667500;20;4.47214
667833;21;4.58258
668167;21;4.58258
668500;17;4.12311
668833;19;4.3589
669167;22;4.69042
669500;14;3.74166
669833;14;3.74166
670167;20;4.47214
670500;18;4.24264
670833;21;4.58258
671167;8;2.82843
671500;23;4.79583
671833;11;3.31662
672167;20;4.47214
672500;22;4.69042
672833;8;2.82843
673167;18;4.24264
673500;14;3.74166
673833;15;3.87298
674167;28;5.2915
674500;12;3.4641
674833;19;4.3589
675167;13;3.60555
675500;16;4
675833;25;5
676167;11;3.31662
676500;20;4.47214
676833;21;4.58258
677167;14;3.74166
677500;17;4.12311
677833;13;3.60555
678167;22;4.69042
678500;17;4.12311
678833;17;4.12311
679167;22;4.69042
679500;16;4
679833;25;5
680167;11;3.31662
680500;10;3.16228
680833;21;4.58258
681167;16;4
681500;18;4.24264
681833;21;4.58258
682167;14;3.74166
682500;12;3.4641
682833;12;3.4641
683167;24;4.89898
683500;15;3.87298
683833;12;3.4641
684167;25;5
684500;19;4.3589
684833;19;4.3589
685167;22;4.69042
685500;10;3.16228
685833;20;4.47214
686167;13;3.60555
686500;22;4.69042
686833;19;4.3589
687167;15;3.87298
687500;14;3.74166
687833;13;3.60555
688167;18;4.24264
688500;21;4.58258
688833;11;3.31662
689167;21;4.58258
689500;23;4.79583
689833;8;2.82843
690167;9;3
690500;17;4.12311
690833;27;5.19615
691167;19;4.3589
691500;15;3.87298
691833;17;4.12311
692167;18;4.24264
692500;19;4.3589
692833;21;4.58258
693167;5;2.23607
693500;13;3.60555
693833;19;4.3589
694167;14;3.74166
694500;25;5
694833;11;3.31662
695167;20;4.47214
695500;22;4.69042
695833;18;4.24264
696167;13;3.60555
696500;12;3.4641
696833;19;4.3589
697167;14;3.74166
697500;16;4
697833;24;4.89898
698167;8;2.82843
698500;23;4.79583
698833;15;3.87298
699167;19;4.3589
699500;20;4.47214
699833;18;4.24264
700167;29;5.38516
700500;11;3.31662
700833;22;4.69042
701167;26;5.09902
701500;25;5
701833;21;4.58258
702167;12;3.4641
702500;21;4.58258
702833;19;4.3589
703167;12;3.4641
703500;24;4.89898
703833;12;3.4641
704167;20;4.47214
704500;19;4.3589
704833;17;4.12311
705167;30;5.47723
705500;19;4.3589
705833;17;4.12311
706167;23;4.79583
706500;19;4.3589
706833;28;5.2915
707167;24;4.89898
707500;15;3.87298
707833;32;5.65685
708167;16;4
708500;32;5.65685
708833;25;5
709167;15;3.87298
709500;15;3.87298
709833;15;3.87298
710167;30;5.47723
710500;22;4.69042
710833;15;3.87298
711167;20;4.47214
711500;14;3.74166
711833;35;5.91608
712167;26;5.09902
712500;10;3.16228
712833;26;5.09902
713167;13;3.60555
713500;28;5.2915
713833;20;4.47214
714167;22;4.69042
714500;28;5.2915
714833;18;4.24264
715167;16;4
715500;27;5.19615
715833;21;4.58258
716167;30;5.47723
716500;19;4.3589
716833;26;5.09902
717167;29;5.38516
717500;19;4.3589
717833;18;4.24264
718167;11;3.31662
718500;34;5.83095
718833;11;3.31662
719167;22;4.69042
719500;23;4.79583
719833;14;3.74166
720167;24;4.89898
720500;30;5.47723
720833;21;4.58258
721167;19;4.3589
721500;35;5.91608
721833;18;4.24264
722167;28;5.2915
722500;15;3.87298
722833;18;4.24264
723167;34;5.83095
723500;22;4.69042
723833;19;4.3589
724167;12;3.4641
724500;26;5.09902
724833;26;5.09902
725167;21;4.58258
725500;27;5.19615
725833;18;4.24264
726167;34;5.83095
726500;33;5.74456
726833;19;4.3589
727167;30;5.47723
727500;14;3.74166
727833;32;5.65685
728167;33;5.74456
728500;18;4.24264
728833;23;4.79583
729167;25;5
729500;29;5.38516
729833;21;4.58258
730167;17;4.12311
730500;34;5.83095
730833;19;4.3589
731167;36;6
731500;31;5.56776
731833;10;3.16228
732167;34;5.83095
732500;25;5
732833;26;5.09902
733167;33;5.74456
733500;26;5.09902
733833;30;5.47723
734167;25;5
734500;36;6
734833;27;5.19615
735167;21;4.58258
735500;28;5.2915
735833;27;5.19615
736167;27;5.19615
736500;27;5.19615
736833;22;4.69042
737167;33;5.74456
737500;25;5
737833;21;4.58258
738167;31;5.56776
738500;14;3.74166
738833;27;5.19615
739167;28;5.2915
739500;15;3.87298
739833;30;5.47723
740167;13;3.60555
740500;33;5.74456
740833;21;4.58258
741167;20;4.47214
741500;32;5.65685
741833;12;3.4641
742167;23;4.79583
742500;31;5.56776
742833;15;3.87298
743167;38;6.16441
743500;16;4
743833;15;3.87298
744167;30;5.47723
744500;14;3.74166
744833;20;4.47214
745167;15;3.87298
745500;18;4.24264
745833;24;4.89898
746167;14;3.74166
746500;26;5.09902
746833;13;3.60555
747167;31;5.56776
747500;21;4.58258
747833;13;3.60555
748167;19;4.3589
748500;8;2.82843
748833;21;4.58258
749167;16;4
749500;19;4.3589
749833;27;5.19615
750167;9;3
750500;17;4.12311
750833;17;4.12311
751167;13;3.60555
751500;17;4.12311
751833;10;3.16228
752167;19;4.3589
752500;25;5
752833;11;3.31662
753167;20;4.47214
753500;15;3.87298
753833;9;3
754167;16;4
754500;15;3.87298
754833;18;4.24264
755167;16;4
755500;13;3.60555
755833;13;3.60555
756167;11;3.31662
756500;13;3.60555
756833;17;4.12311
757167;3;1.73205
757500;18;4.24264
757833;11;3.31662
758167;16;4
758500;13;3.60555
758833;9;3
759167;6;2.44949
759500;8;2.82843
759833;11;3.31662
760167;10;3.16228
760500;7;2.64575
760833;12;3.4641
761167;6;2.44949
761500;13;3.60555
761833;12;3.4641
762167;8;2.82843
762500;12;3.4641
762833;3;1.73205
763167;5;2.23607
763500;9;3
763833;8;2.82843
764167;7;2.64575
764500;9;3
764833;9;3
765167;10;3.16228
765500;5;2.23607
765833;8;2.82843
766167;7;2.64575
766500;3;1.73205
766833;7;2.64575
767167;5;2.23607
767500;14;3.74166
767833;3;1.73205
768167;10;3.16228
768500;6;2.44949
768833;4;2
769167;5;2.23607
769500;3;1.73205
769833;6;2.44949
770167;4;2
770500;1;1
770833;4;2
771167;5;2.23607
771500;6;2.44949
771833;2;1.41421
772167;3;1.73205
772500;5;2.23607
772833;3;1.73205
773167;1;1
773500;6;2.44949
773833;4;2
774167;6;2.44949
774500;5;2.23607
774833;1;1
775167;2;1.41421
775500;1;1
775833;4;2
776167;3;1.73205
776500;1;1
776833;5;2.23607
777167;4;2
777500;3;1.73205
777833;6;2.44949
778167;2;1.41421
778500;7;2.64575
778833;2;1.41421
779167;11;3.31662
779500;11;3.31662
779833;3;1.73205
780167;5;2.23607
780500;5;2.23607
780833;4;2
781167;8;2.82843
781500;6;2.44949
781833;5;2.23607
782167;2;1.41421
782500;4;2
782833;9;3
783167;4;2
783500;11;3.31662
783833;2;1.41421
784167;4;2
784500;5;2.23607
784833;5;2.23607
785167;6;2.44949
785500;1;1
785833;3;1.73205
786167;6;2.44949
786500;3;1.73205
786833;3;1.73205
787167;8;2.82843
787500;6;2.44949
787833;5;2.23607
788167;1;1
788500;6;2.44949
788833;5;2.23607
789167;5;2.23607
789500;5;2.23607
789833;2;1.41421
790167;6;2.44949
790500;10;3.16228
790833;3;1.73205
791167;7;2.64575
791500;3;1.73205
791833;4;2
792167;6;2.44949
792500;3;1.73205
792833;3;1.73205
793167;2;1.41421
793500;6;2.44949
793833;8;2.82843
794167;4;2
794500;4;2
794833;3;1.73205
795167;7;2.64575
795500;1;1
795833;4;2
796167;8;2.82843
796500;4;2
796833;3;1.73205
797167;9;3
797500;5;2.23607
797833;5;2.23607
798167;5;2.23607
798500;7;2.64575
798833;5;2.23607
799167;4;2
799500;2;1.41421
799833;4;2
800167;7;2.64575
800500;5;2.23607
800833;5;2.23607
801167;7;2.64575
801500;5;2.23607
801833;2;1.41421
802167;4;2
802500;5;2.23607
802833;2;1.41421
803167;4;2
803500;1;1
803833;10;3.16228
804167;3;1.73205
804500;9;3
804833;6;2.44949
805167;3;1.73205
805500;4;2
805833;2;1.41421
806167;3;1.73205
806500;4;2
806833;2;1.41421
807167;4;2
807500;3;1.73205
807833;9;3
808167;7;2.64575
808500;5;2.23607
808833;1;1
809167;2;1.41421
809500;9;3
809833;5;2.23607
810167;4;2
810500;5;2.23607
810833;3;1.73205
811167;9;3
811500;6;2.44949
811833;1;1
812167;5;2.23607
812500;5;2.23607
812833;6;2.44949
813167;9;3
813500;2;1.41421
813833;2;1.41421
814167;3;1.73205
814500;2;1.41421
814833;3;1.73205
815167;5;2.23607
815500;7;2.64575
815833;5;2.23607
816167;1;1
816500;3;1.73205
816833;5;2.23607
817167;5;2.23607
817500;3;1.73205
817833;2;1.41421
818167;2;1.41421
818500;4;2
818833;2;1.41421
819167;8;2.82843
819500;2;1.41421
819833;3;1.73205
820167;0;0
820500;4;2
820833;2;1.41421
821167;1;1
821500;2;1.41421
821833;1;1
822167;3;1.73205
822500;5;2.23607
822833;2;1.41421
823167;9;3
823500;0;0
823833;5;2.23607
824167;4;2
824500;5;2.23607
824833;3;1.73205
825167;1;1
825500;3;1.73205
825833;3;1.73205
826167;2;1.41421
826500;3;1.73205
826833;2;1.41421
827167;0;0
827500;2;1.41421
827833;3;1.73205
828167;4;2
828500;3;1.73205
828833;4;2
829167;1;1
829500;2;1.41421
829833;1;1
830167;2;1.41421
830500;2;1.41421
830833;4;2
831167;0;0
831500;1;1
831833;1;1
832167;1;1
832500;3;1.73205
832833;1;1
833167;2;1.41421
833500;0;0
833833;0;0
834167;0;0
834500;0;0
834833;1;1
835167;2;1.41421
835500;2;1.41421
835833;0;0
836167;1;1
836500;2;1.41421
836833;1;1
837167;1;1
837500;1;1
837833;1;1
838167;0;0
838500;0;0
838833;0;0
839167;0;0
839500;0;0
839833;2;1.41421
840167;2;1.41421
840500;0;0
840833;3;1.73205
841167;1;1
841500;0;0
841833;1;1
842167;0;0
842500;0;0
842833;0;0
843167;1;1
843500;2;1.41421
843833;1;1
844167;1;1
844500;0;0
844833;0;0
845167;0;0
845500;2;1.41421
845833;0;0
846167;0;0
846500;3;1.73205
846833;1;1
847167;0;0
847500;0;0
847833;0;0
848167;3;1.73205
848500;0;0
848833;1;1
849167;1;1
849500;0;0
849833;1;1
850167;1;1
850500;0;0
850833;2;1.41421
851167;2;1.41421
851500;1;1
851833;3;1.73205
852167;0;0
852500;0;0
852833;0;0
853167;1;1
853500;3;1.73205
853833;0;0
854167;2;1.41421
854500;3;1.73205
854833;0;0
855167;1;1
855500;1;1
855833;2;1.41421
856167;0;0
856500;0;0
856833;0;0
857167;1;1
857500;0;0
857833;1;1
858167;1;1
858500;1;1
858833;1;1
859167;1;1
859500;0;0
859833;0;0
860167;0;0
860500;1;1
860833;0;0
861167;2;1.41421
861500;0;0
861833;0;0
862167;0;0
862500;0;0
862833;1;1
863167;1;1
863500;2;1.41421
863833;0;0
864167;0;0
864500;1;1
864833;0;0
865167;1;1
865500;0;0
865833;0;0
866167;3;1.73205
866500;0;0
866833;0;0
867167;2;1.41421
867500;1;1
867833;1;1
868167;0;0
868500;0;0
868833;0;0
869167;1;1
869500;2;1.41421
869833;0;0
870167;2;1.41421
870500;1;1
870833;0;0
871167;0;0
871500;1;1
871833;0;0
872167;3;1.73205
872500;0;0
872833;1;1
873167;0;0
873500;1;1
873833;2;1.41421
874167;0;0
874500;1;1
874833;1;1
875167;1;1
875500;2;1.41421
875833;1;1
876167;1;1
876500;0;0
876833;0;0
877167;1;1
877500;1;1
877833;1;1
878167;1;1
878500;0;0
878833;1;1
879167;1;1
879500;1;1
879833;1;1
880167;0;0
880500;2;1.41421
880833;1;1
881167;1;1
881500;1;1
881833;1;1
882167;1;1
882500;0;0
882833;1;1
883167;1;1
883500;1;1
883833;2;1.41421
884167;1;1
884500;0;0
884833;1;1
885167;0;0
885500;0;0
885833;0;0
886167;2;1.41421
886500;3;1.73205
886833;0;0
887167;1;1
887500;0;0
887833;1;1
888167;0;0
888500;0;0
888833;1;1
889167;0;0
889500;1;1
889833;1;1
890167;0;0
890500;0;0
890833;1;1
891167;4;2
891500;1;1
891833;1;1
892167;1;1
892500;0;0
892833;4;2
893167;1;1
893500;0;0
893833;0;0
894167;0;0
894500;1;1
894833;0;0
895167;1;1
895500;0;0
895833;0;0
896167;0;0
896500;1;1
896833;1;1
897167;0;0
897500;1;1
897833;0;0
898167;3;1.73205
898500;0;0
898833;2;1.41421
899167;0;0
899500;1;1
899833;1;1
900167;0;0
900500;3;1.73205
900833;0;0
901167;0;0
901500;1;1
901833;1;1
902167;2;1.41421
902500;0;0
902833;0;0
903167;3;1.73205
903500;1;1
903833;0;0
904167;0;0
904500;0;0
904833;1;1
905167;1;1
905500;1;1
905833;1;1
906167;0;0
906500;1;1
906833;0;0
907167;0;0
907500;2;1.41421
907833;0;0
908167;0;0
908500;0;0
908833;0;0
909167;1;1
909500;1;1
909833;1;1
910167;1;1
910500;1;1
910833;1;1
911167;0;0
911500;4;2
911833;1;1
912167;0;0
912500;0;0
912833;0;0
913167;0;0
913500;0;0
913833;0;0
914167;1;1
914500;0;0
914833;0;0
915167;0;0
915500;0;0
915833;1;1
916167;1;1
916500;3;1.73205
916833;0;0
917167;0;0
917500;0;0
917833;0;0
918167;0;0
918500;1;1
918833;0;0
919167;1;1
919500;0;0
919833;2;1.41421
920167;2;1.41421
920500;0;0
920833;1;1
921167;0;0
921500;0;0
921833;0;0
922167;0;0
922500;2;1.41421
922833;1;1
923167;3;1.73205
923500;0;0
923833;0;0
924167;1;1
924500;0;0
924833;1;1
925167;1;1
925500;1;1
925833;0;0
926167;0;0
926500;0;0
926833;0;0
927167;1;1
927500;0;0
927833;1;1
928167;1;1
928500;3;1.73205
928833;0;0
929167;2;1.41421
929500;1;1
929833;0;0
930167;0;0
930500;0;0
930833;0;0
931167;0;0
931500;0;0
931833;0;0
932167;0;0
932500;1;1
932833;3;1.73205
933167;0;0
933500;2;1.41421
933833;0;0
934167;0;0
934500;3;1.73205
934833;1;1
935167;1;1
935500;0;0
935833;0;0
936167;0;0
936500;0;0
936833;1;1
937167;0;0
937500;0;0
937833;0;0
938167;0;0
938500;0;0
938833;2;1.41421
939167;1;1
939500;1;1
939833;1;1
940167;2;1.41421
940500;0;0
940833;0;0
941167;3;1.73205
941500;0;0
941833;3;1.73205
942167;0;0
942500;1;1
942833;1;1
943167;2;1.41421
943500;2;1.41421
943833;1;1
944167;0;0
944500;1;1
944833;0;0
945167;1;1
945500;0;0
945833;1;1
946167;1;1
946500;0;0
946833;0;0
947167;0;0
947500;1;1
947833;1;1
948167;1;1
948500;0;0
948833;4;2
949167;1;1
949500;1;1
949833;1;1
950167;0;0
950500;3;1.73205
950833;1;1
951167;3;1.73205
951500;1;1
951833;0;0
952167;1;1
952500;1;1
952833;0;0
953167;1;1
953500;0;0
953833;3;1.73205
954167;2;1.41421
954500;1;1
954833;0;0
955167;3;1.73205
955500;1;1
955833;0;0
956167;0;0
956500;0;0
956833;0;0
957167;1;1
957500;2;1.41421
957833;1;1
958167;0;0
958500;1;1
958833;0;0
959167;2;1.41421
959500;0;0
959833;0;0
960167;1;1
960500;3;1.73205
960833;1;1
961167;0;0
961500;1;1
961833;2;1.41421
962167;1;1
962500;0;0
962833;1;1
963167;0;0
963500;1;1
963833;2;1.41421
964167;1;1
964500;4;2
964833;1;1
965167;0;0
965500;1;1
965833;2;1.41421
966167;2;1.41421
966500;1;1
966833;1;1
967167;0;0
967500;1;1
967833;0;0
968167;1;1
968500;0;0
968833;1;1
969167;0;0
969500;1;1
969833;2;1.41421
970167;1;1
970500;3;1.73205
970833;1;1
971167;1;1
971500;3;1.73205
971833;1;1
972167;0;0
972500;1;1
972833;1;1
973167;1;1
973500;0;0
973833;2;1.41421
974167;0;0
974500;1;1
974833;0;0
975167;2;1.41421
975500;0;0
975833;1;1
976167;0;0
976500;1;1
976833;0;0
977167;0;0
977500;0;0
977833;1;1
978167;1;1
978500;0;0
978833;0;0
979167;2;1.41421
979500;1;1
979833;0;0
980167;0;0
980500;1;1
980833;1;1
981167;0;0
981500;0;0
981833;1;1
982167;2;1.41421
982500;2;1.41421
982833;2;1.41421
983167;1;1
983500;0;0
983833;0;0
984167;2;1.41421
984500;1;1
984833;1;1
985167;1;1
985500;0;0
985833;1;1
986167;0;0
986500;0;0
986833;0;0
987167;1;1
987500;1;1
987833;1;1
988167;0;0
988500;1;1
988833;3;1.73205
989167;0;0
989500;2;1.41421
989833;0;0
990167;1;1
990500;1;1
990833;2;1.41421
991167;0;0
991500;0;0
991833;0;0
992167;0;0
992500;0;0
992833;1;1
993167;0;0
993500;1;1
993833;0;0
994167;0;0
994500;0;0
994833;0;0
995167;1;1
995500;0;0
995833;1;1
996167;0;0
996500;1;1
996833;0;0
997167;1;1
997500;1;1
997833;0;0
998167;0;0
998500;0;0
998833;0;0
999167;1;1
999500;0;0
999833;1;1
