ch_1_SPECTRO_GRAPH;ch_1_SPECTRO;1
ch_1_ADC;3000;0;1e+06
166.667;0;0
500;0;0
833.333;0;0
1166.67;0;0
1500;0;0
1833.33;0;0
2166.67;0;0
2500;0;0
2833.33;0;0
3166.67;0;0
3500;0;0
3833.33;0;0
4166.67;0;0
4500;0;0
4833.33;0;0
5166.67;0;0
5500;0;0
5833.33;0;0
6166.67;0;0
6500;0;0
6833.33;0;0
7166.67;0;0
7500;0;0
7833.33;0;0
8166.67;0;0
8500;0;0
8833.33;0;0
9166.67;0;0
9500;0;0
9833.33;0;0
10166.7;0;0
10500;0;0
10833.3;0;0
11166.7;0;0
11500;0;0
11833.3;0;0
12166.7;0;0
12500;0;0
12833.3;0;0
13166.7;0;0
13500;0;0
13833.3;0;0
14166.7;0;0
14500;0;0
14833.3;0;0
15166.7;0;0
15500;0;0
15833.3;0;0
16166.7;0;0
16500;0;0
16833.3;0;0
17166.7;0;0
17500;0;0
17833.3;0;0
18166.7;0;0
18500;0;0
18833.3;0;0
19166.7;0;0
19500;0;0
19833.3;323;17.9722
20166.7;211;14.5258
20500;299;17.2916
20833.3;291;17.0587
21166.7;196;14
21500;291;17.0587
21833.3;175;13.2288
22166.7;296;17.2047
22500;246;15.6844
22833.3;200;14.1421
23166.7;262;16.1864
23500;195;13.9642
23833.3;286;16.9115
24166.7;300;17.3205
24500;171;13.0767
24833.3;269;16.4012
25166.7;182;13.4907
25500;289;17
25833.3;277;16.6433
26166.7;181;13.4536
26500;300;17.3205
26833.3;196;14
27166.7;289;17
27500;286;16.9115
27833.3;188;13.7113
28166.7;307;17.5214
28500;208;14.4222
28833.3;289;17
29166.7;288;16.9706
29500;178;13.3417
29833.3;306;17.4929
30166.7;176;13.2665
30500;286;16.9115
30833.3;269;16.4012
31166.7;189;13.7477
31500;311;17.6352
31833.3;206;14.3527
32166.7;295;17.1756
32500;270;16.4317
32833.3;218;14.7648
33166.7;333;18.2483
33500;297;17.2337
33833.3;195;13.9642
34166.7;272;16.4924
34500;194;13.9284
34833.3;323;17.9722
35166.7;285;16.8819
35500;202;14.2127
35833.3;335;18.303
36166.7;193;13.8924
36500;294;17.1464
36833.3;342;18.4932
37166.7;210;14.4914
37500;288;16.9706
37833.3;200;14.1421
38166.7;324;18
38500;305;17.4642
38833.3;214;14.6287
39166.7;319;17.8606
39500;212;14.5602
39833.3;327;18.0831
40166.7;334;18.2757
40500;219;14.7986
40833.3;303;17.4069
41166.7;246;15.6844
41500;354;18.8149
41833.3;357;18.8944
42166.7;287;16.9411
42500;360;18.9737
42833.3;230;15.1658
43166.7;317;17.8045
43500;356;18.868
43833.3;280;16.7332
44166.7;440;20.9762
44500;272;16.4924
44833.3;416;20.3961
45166.7;416;20.3961
45500;257;16.0312
45833.3;403;20.0749
46166.7;257;16.0312
46500;405;20.1246
46833.3;397;19.9249
47166.7;270;16.4317
47500;360;18.9737
47833.3;264;16.2481
48166.7;346;18.6011
48500;351;18.735
48833.3;225;15
49166.7;370;19.2354
49500;360;18.9737
49833.3;233;15.2643
50166.7;383;19.5704
50500;278;16.6733
50833.3;362;19.0263
51166.7;360;18.9737
51500;214;14.6287
51833.3;352;18.7617
52166.7;259;16.0935
52500;358;18.9209
52833.3;363;19.0526
53166.7;273;16.5227
53500;383;19.5704
53833.3;213;14.5945
54166.7;356;18.868
54500;354;18.8149
54833.3;248;15.748
55166.7;332;18.2209
55500;247;15.7162
55833.3;301;17.3494
56166.7;354;18.8149
56500;259;16.0935
56833.3;378;19.4422
57166.7;245;15.6525
57500;342;18.4932
57833.3;347;18.6279
58166.7;221;14.8661
58500;378;19.4422
58833.3;256;16
59166.7;353;18.7883
59500;346;18.6011
59833.3;231;15.1987
60166.7;380;19.4936
60500;244;15.6205
60833.3;373;19.3132
61166.7;368;19.1833
61500;285;16.8819
61833.3;384;19.5959
62166.7;214;14.6287
62500;389;19.7231
62833.3;374;19.3391
63166.7;260;16.1245
63500;392;19.799
63833.3;274;16.5529
64166.7;375;19.3649
64500;408;20.199
64833.3;276;16.6132
65166.7;375;19.3649
65500;392;19.799
65833.3;263;16.2173
66166.7;382;19.5448
66500;281;16.7631
66833.3;388;19.6977
67166.7;367;19.1572
67500;245;15.6525
67833.3;385;19.6214
68166.7;290;17.0294
68500;427;20.664
68833.3;421;20.5183
69166.7;259;16.0935
69500;452;21.2603
69833.3;251;15.843
70166.7;417;20.4206
70500;394;19.8494
70833.3;300;17.3205
71166.7;415;20.3715
71500;272;16.4924
71833.3;402;20.0499
72166.7;411;20.2731
72500;284;16.8523
72833.3;437;20.9045
73166.7;291;17.0587
73500;444;21.0713
73833.3;447;21.1424
74166.7;299;17.2916
74500;421;20.5183
74833.3;273;16.5227
75166.7;449;21.1896
75500;468;21.6333
75833.3;323;17.9722
76166.7;465;21.5639
76500;298;17.2627
76833.3;449;21.1896
77166.7;452;21.2603
77500;321;17.9165
77833.3;470;21.6795
78166.7;285;16.8819
78500;429;20.7123
78833.3;498;22.3159
79166.7;311;17.6352
79500;470;21.6795
79833.3;313;17.6918
80166.7;432;20.7846
80500;470;21.6795
80833.3;309;17.5784
81166.7;469;21.6564
81500;457;21.3776
81833.3;307;17.5214
82166.7;454;21.3073
82500;336;18.3303
82833.3;472;21.7256
83166.7;442;21.0238
83500;297;17.2337
83833.3;451;21.2368
84166.7;319;17.8606
84500;444;21.0713
84833.3;496;22.2711
85166.7;315;17.7482
85500;489;22.1133
85833.3;326;18.0555
86166.7;480;21.9089
86500;494;22.2261
86833.3;337;18.3576
87166.7;483;21.9773
87500;286;16.9115
87833.3;478;21.8632
88166.7;482;21.9545
88500;291;17.0587
88833.3;473;21.7486
89166.7;327;18.0831
89500;470;21.6795
89833.3;438;20.9284
90166.7;278;16.6733
90500;489;22.1133
90833.3;314;17.72
91166.7;541;23.2594
91500;502;22.4054
91833.3;340;18.4391
92166.7;491;22.1585
92500;323;17.9722
92833.3;515;22.6936
93166.7;455;21.3307
93500;338;18.3848
93833.3;476;21.8174
94166.7;354;18.8149
94500;555;23.5584
94833.3;552;23.4947
95166.7;349;18.6815
95500;526;22.9347
95833.3;354;18.8149
96166.7;562;23.7065
96500;515;22.6936
96833.3;387;19.6723
97166.7;530;23.0217
97500;569;23.8537
97833.3;362;19.0263
98166.7;569;23.8537
98500;366;19.1311
98833.3;585;24.1868
99166.7;638;25.2587
99500;400;20
99833.3;581;24.1039
100167;366;19.1311
100500;549;23.4307
100833;588;24.2487
101167;400;20
101500;600;24.4949
101833;413;20.3224
102167;705;26.5518
102500;656;25.6125
102833;415;20.3715
103167;613;24.7588
103500;429;20.7123
103833;597;24.4336
104167;648;25.4558
104500;423;20.567
104833;648;25.4558
105167;407;20.1742
105500;724;26.9072
105833;595;24.3926
106167;443;21.0476
106500;666;25.807
106833;420;20.4939
107167;618;24.8596
107500;672;25.923
107833;403;20.0749
108167;633;25.1595
108500;442;21.0238
108833;622;24.9399
109167;591;24.3105
109500;431;20.7605
109833;595;24.3926
110167;406;20.1494
110500;625;25
110833;642;25.3377
111167;416;20.3961
111500;591;24.3105
111833;407;20.1742
112167;651;25.5147
112500;578;24.0416
112833;364;19.0788
113167;619;24.8797
113500;626;25.02
113833;361;19
114167;547;23.388
114500;380;19.4936
114833;555;23.5584
115167;538;23.1948
115500;402;20.0499
115833;555;23.5584
116167;374;19.3391
116500;578;24.0416
116833;556;23.5797
117167;392;19.799
117500;574;23.9583
117833;382;19.5448
118167;592;24.3311
118500;652;25.5343
118833;425;20.6155
119167;587;24.2281
119500;383;19.5704
119833;545;23.3452
120167;573;23.9374
120500;379;19.4679
120833;541;23.2594
121167;376;19.3907
121500;580;24.0832
121833;542;23.2809
122167;383;19.5704
122500;557;23.6008
122833;366;19.1311
123167;569;23.8537
123500;496;22.2711
123833;394;19.8494
124167;551;23.4734
124500;369;19.2094
124833;555;23.5584
125167;544;23.3238
125500;347;18.6279
125833;587;24.2281
126167;374;19.3391
126500;523;22.8692
126833;547;23.388
127167;404;20.0998
127500;516;22.7156
127833;367;19.1572
128167;548;23.4094
128500;538;23.1948
128833;345;18.5742
129167;510;22.5832
129500;507;22.5167
129833;358;18.9209
130167;513;22.6495
130500;339;18.412
130833;538;23.1948
131167;551;23.4734
131500;334;18.2757
131833;509;22.561
132167;402;20.0499
132500;539;23.2164
132833;454;21.3073
133167;366;19.1311
133500;534;23.1084
133833;332;18.2209
134167;556;23.5797
134500;521;22.8254
134833;330;18.1659
135167;510;22.5832
135500;309;17.5784
135833;506;22.4944
136167;445;21.095
136500;342;18.4932
136833;518;22.7596
137167;332;18.2209
137500;451;21.2368
137833;474;21.7715
138167;320;17.8885
138500;488;22.0907
138833;339;18.412
139167;487;22.0681
139500;434;20.8327
139833;337;18.3576
140167;472;21.7256
140500;325;18.0278
140833;473;21.7486
141167;456;21.3542
141500;301;17.3494
141833;467;21.6102
142167;317;17.8045
142500;455;21.3307
142833;471;21.7025
143167;282;16.7929
143500;466;21.587
143833;325;18.0278
144167;501;22.383
144500;432;20.7846
144833;328;18.1108
145167;442;21.0238
145500;428;20.6882
145833;260;16.1245
146167;422;20.5426
146500;309;17.5784
146833;397;19.9249
147167;395;19.8746
147500;292;17.088
147833;433;20.8087
148167;309;17.5784
148500;470;21.6795
148833;483;21.9773
149167;275;16.5831
149500;426;20.6398
149833;258;16.0624
150167;408;20.199
150500;454;21.3073
150833;256;16
151167;443;21.0476
151500;268;16.3707
151833;447;21.1424
152167;416;20.3961
152500;271;16.4621
152833;386;19.6469
153167;250;15.8114
153500;396;19.8997
153833;411;20.2731
154167;306;17.4929
154500;404;20.0998
154833;267;16.3401
155167;381;19.5192
155500;428;20.6882
155833;306;17.4929
156167;431;20.7605
156500;255;15.9687
156833;395;19.8746
157167;391;19.7737
157500;243;15.5885
157833;400;20
158167;279;16.7033
158500;407;20.1742
158833;373;19.3132
159167;270;16.4317
159500;386;19.6469
159833;283;16.8226
160167;338;18.3848
160500;383;19.5704
160833;287;16.9411
161167;401;20.025
161500;328;18.1108
161833;256;16
162167;412;20.2978
162500;269;16.4012
162833;351;18.735
163167;343;18.5203
163500;241;15.5242
163833;380;19.4936
164167;250;15.8114
164500;354;18.8149
164833;366;19.1311
165167;268;16.3707
165500;387;19.6723
165833;273;16.5227
166167;359;18.9473
166500;399;19.975
166833;252;15.8745
167167;369;19.2094
167500;246;15.6844
167833;401;20.025
168167;343;18.5203
168500;259;16.0935
168833;363;19.0526
169167;250;15.8114
169500;397;19.9249
169833;351;18.735
170167;243;15.5885
170500;384;19.5959
170833;267;16.3401
171167;333;18.2483
171500;327;18.0831
171833;213;14.5945
172167;352;18.7617
172500;225;15
172833;340;18.4391
173167;343;18.5203
173500;228;15.0997
173833;329;18.1384
174167;213;14.5945
174500;351;18.735
174833;364;19.0788
175167;227;15.0665
175500;326;18.0555
175833;242;15.5563
176167;340;18.4391
176500;320;17.8885
176833;223;14.9332
177167;364;19.0788
177500;336;18.3303
177833;248;15.748
178167;313;17.6918
178500;211;14.5258
178833;314;17.72
179167;343;18.5203
179500;226;15.0333
179833;335;18.303
180167;213;14.5945
180500;312;17.6635
180833;294;17.1464
181167;203;14.2478
181500;289;17
181833;228;15.0997
182167;310;17.6068
182500;281;16.7631
182833;171;13.0767
183167;285;16.8819
183500;174;13.1909
183833;262;16.1864
184167;297;17.2337
184500;182;13.4907
184833;306;17.4929
185167;175;13.2288
185500;267;16.3401
185833;245;15.6525
186167;179;13.3791
186500;282;16.7929
186833;176;13.2665
187167;255;15.9687
187500;244;15.6205
187833;183;13.5277
188167;251;15.843
188500;158;12.5698
188833;247;15.7162
189167;202;14.2127
189500;161;12.6886
189833;254;15.9374
190167;145;12.0416
190500;245;15.6525
190833;210;14.4914
191167;156;12.49
191500;193;13.8924
191833;158;12.5698
192167;207;14.3875
192500;225;15
192833;125;11.1803
193167;196;14
193500;197;14.0357
193833;126;11.225
194167;188;13.7113
194500;124;11.1355
194833;199;14.1067
195167;192;13.8564
195500;143;11.9583
195833;176;13.2665
196167;143;11.9583
196500;178;13.3417
196833;152;12.3288
197167;138;11.7473
197500;167;12.9228
197833;92;9.59166
198167;168;12.9615
198500;166;12.8841
198833;125;11.1803
199167;171;13.0767
199500;112;10.583
199833;166;12.8841
200167;158;12.5698
200500;106;10.2956
200833;151;12.2882
201167;99;9.94987
201500;169;13
201833;153;12.3693
202167;113;10.6301
202500;145;12.0416
202833;112;10.583
203167;141;11.8743
203500;147;12.1244
203833;113;10.6301
204167;130;11.4018
204500;96;9.79796
204833;164;12.8062
205167;159;12.6095
205500;97;9.84886
205833;121;11
206167;96;9.79796
206500;161;12.6886
206833;125;11.1803
207167;82;9.05539
207500;143;11.9583
207833;88;9.38083
208167;136;11.6619
208500;156;12.49
208833;98;9.89949
209167;135;11.619
209500;142;11.9164
209833;103;10.1489
210167;107;10.3441
210500;82;9.05539
210833;114;10.6771
211167;111;10.5357
211500;93;9.64365
211833;132;11.4891
212167;70;8.3666
212500;118;10.8628
212833;148;12.1655
213167;68;8.24621
213500;100;10
213833;80;8.94427
214167;118;10.8628
214500;150;12.2474
214833;78;8.83176
215167;128;11.3137
215500;71;8.42615
215833;123;11.0905
216167;120;10.9545
216500;70;8.3666
216833;126;11.225
217167;68;8.24621
217500;116;10.7703
217833;113;10.6301
218167;68;8.24621
218500;122;11.0454
218833;82;9.05539
219167;108;10.3923
219500;95;9.74679
219833;79;8.88819
220167;117;10.8167
220500;84;9.16515
220833;103;10.1489
221167;104;10.198
221500;83;9.11043
221833;141;11.8743
222167;57;7.54983
222500;88;9.38083
222833;120;10.9545
223167;76;8.7178
223500;113;10.6301
223833;69;8.30662
224167;112;10.583
224500;122;11.0454
224833;72;8.48528
225167;108;10.3923
225500;106;10.2956
225833;65;8.06226
226167;99;9.94987
226500;72;8.48528
226833;100;10
227167;96;9.79796
227500;62;7.87401
227833;120;10.9545
228167;67;8.18535
228500;79;8.88819
228833;90;9.48683
229167;72;8.48528
229500;111;10.5357
229833;64;8
230167;102;10.0995
230500;100;10
230833;79;8.88819
231167;118;10.8628
231500;79;8.88819
231833;103;10.1489
232167;91;9.53939
232500;51;7.14143
232833;113;10.6301
233167;66;8.12404
233500;102;10.0995
233833;95;9.74679
234167;74;8.60233
234500;113;10.6301
234833;66;8.12404
235167;91;9.53939
235500;83;9.11043
235833;68;8.24621
236167;102;10.0995
236500;67;8.18535
236833;94;9.69536
237167;90;9.48683
237500;69;8.30662
237833;73;8.544
238167;81;9
238500;105;10.247
238833;78;8.83176
239167;81;9
239500;81;9
239833;50;7.07107
240167;100;10
240500;93;9.64365
240833;55;7.4162
241167;96;9.79796
241500;89;9.43398
241833;75;8.66025
242167;80;8.94427
242500;57;7.54983
242833;110;10.4881
243167;86;9.27362
243500;61;7.81025
243833;97;9.84886
244167;51;7.14143
244500;91;9.53939
244833;69;8.30662
245167;60;7.74597
245500;87;9.32738
245833;56;7.48331
246167;78;8.83176
246500;71;8.42615
246833;64;8
247167;92;9.59166
247500;44;6.63325
247833;87;9.32738
248167;80;8.94427
248500;53;7.28011
248833;104;10.198
249167;45;6.7082
249500;84;9.16515
249833;73;8.544
250167;66;8.12404
250500;96;9.79796
250833;63;7.93725
251167;88;9.38083
251500;90;9.48683
251833;55;7.4162
252167;93;9.64365
252500;65;8.06226
252833;78;8.83176
253167;92;9.59166
253500;67;8.18535
253833;96;9.79796
254167;69;8.30662
254500;94;9.69536
254833;94;9.69536
255167;45;6.7082
255500;82;9.05539
255833;62;7.87401
256167;96;9.79796
256500;106;10.2956
256833;75;8.66025
257167;81;9
257500;102;10.0995
257833;72;8.48528
258167;93;9.64365
258500;63;7.93725
258833;98;9.89949
259167;124;11.1355
259500;68;8.24621
259833;99;9.94987
260167;52;7.2111
260500;104;10.198
260833;120;10.9545
261167;85;9.21954
261500;142;11.9164
261833;89;9.43398
262167;143;11.9583
262500;119;10.9087
262833;93;9.64365
263167;159;12.6095
263500;104;10.198
263833;170;13.0384
264167;161;12.6886
264500;96;9.79796
264833;166;12.8841
265167;142;11.9164
265500;182;13.4907
265833;204;14.2829
266167;149;12.2066
266500;228;15.0997
266833;136;11.6619
267167;260;16.1245
267500;256;16
267833;161;12.6886
268167;289;17
268500;183;13.5277
268833;281;16.7631
269167;306;17.4929
269500;233;15.2643
269833;296;17.2047
270167;247;15.7162
270500;390;19.7484
270833;379;19.4679
271167;261;16.1555
271500;441;21
271833;303;17.4069
272167;471;21.7025
272500;498;22.3159
272833;338;18.3848
273167;538;23.1948
273500;583;24.1454
273833;355;18.8414
274167;578;24.0416
274500;430;20.7364
274833;684;26.1534
275167;711;26.6646
275500;498;22.3159
275833;796;28.2135
276167;551;23.4734
276500;791;28.1247
276833;813;28.5132
277167;593;24.3516
277500;875;29.5804
277833;586;24.2074
278167;906;30.0998
278500;993;31.5119
278833;632;25.1396
279167;1023;31.9844
279500;743;27.258
279833;1108;33.2866
280167;1023;31.9844
280500;777;27.8747
280833;1124;33.5261
281167;788;28.0713
281500;1268;35.609
281833;1233;35.1141
282167;916;30.2655
282500;1364;36.9324
282833;870;29.4958
283167;1375;37.081
283500;1412;37.5766
283833;1009;31.7648
284167;1454;38.1314
284500;974;31.209
284833;1459;38.1969
285167;1564;39.5474
285500;1060;32.5576
285833;1545;39.3065
286167;1050;32.4037
286500;1601;40.0125
286833;1591;39.8873
287167;1052;32.4345
287500;1689;41.0974
287833;1150;33.9116
288167;1645;40.5586
288500;1624;40.2989
288833;1184;34.4093
289167;1691;41.1218
289500;1697;41.1947
289833;1126;33.5559
290167;1623;40.2865
290500;1127;33.5708
290833;1714;41.4005
291167;1738;41.6893
291500;1082;32.8938
291833;1638;40.4722
292167;1092;33.0454
292500;1653;40.6571
292833;1559;39.4842
293167;1028;32.0624
293500;1563;39.5348
293833;986;31.4006
294167;1550;39.37
294500;1417;37.6431
294833;967;31.0966
295167;1381;37.1618
295500;930;30.4959
295833;1325;36.4005
296167;1316;36.2767
296500;888;29.7993
296833;1262;35.5246
297167;767;27.6948
297500;1179;34.3366
297833;1177;34.3074
298167;720;26.8328
298500;1119;33.4515
298833;747;27.3313
299167;999;31.607
299500;995;31.5436
299833;580;24.0832
300167;930;30.4959
300500;559;23.6432
300833;908;30.133
301167;872;29.5296
301500;519;22.7816
301833;796;28.2135
302167;460;21.4476
302500;684;26.1534
302833;614;24.779
303167;405;20.1246
303500;600;24.4949
303833;390;19.7484
304167;585;24.1868
304500;519;22.7816
304833;294;17.1464
305167;530;23.0217
305500;418;20.445
305833;273;16.5227
306167;383;19.5704
306500;221;14.8661
306833;340;18.4391
307167;347;18.6279
307500;204;14.2829
307833;309;17.5784
308167;199;14.1067
308500;256;16
308833;259;16.0935
309167;123;11.0905
309500;222;14.8997
309833;135;11.619
310167;174;13.1909
310500;173;13.1529
310833;115;10.7238
311167;153;12.3693
311500;96;9.79796
311833;153;12.3693
312167;105;10.247
312500;97;9.84886
312833;103;10.1489
313167;68;8.24621
313500;96;9.79796
313833;92;9.59166
314167;52;7.2111
314500;96;9.79796
314833;39;6.245
315167;79;8.88819
315500;73;8.544
315833;49;7
316167;70;8.3666
316500;42;6.48074
316833;78;8.83176
317167;60;7.74597
317500;43;6.55744
317833;70;8.3666
318167;34;5.83095
318500;61;7.81025
318833;54;7.34847
319167;26;5.09902
319500;44;6.63325
319833;35;5.91608
320167;62;7.87401
320500;41;6.40312
320833;34;5.83095
321167;55;7.4162
321500;61;7.81025
321833;35;5.91608
322167;52;7.2111
322500;34;5.83095
322833;52;7.2111
323167;58;7.61577
323500;36;6
323833;58;7.61577
324167;37;6.08276
324500;45;6.7082
324833;54;7.34847
325167;30;5.47723
325500;49;7
325833;24;4.89898
326167;48;6.9282
326500;46;6.78233
326833;24;4.89898
327167;42;6.48074
327500;26;5.09902
327833;44;6.63325
328167;48;6.9282
328500;43;6.55744
328833;52;7.2111
329167;33;5.74456
329500;52;7.2111
329833;48;6.9282
330167;31;5.56776
330500;53;7.28011
330833;34;5.83095
331167;46;6.78233
331500;47;6.85565
331833;27;5.19615
332167;44;6.63325
332500;21;4.58258
332833;59;7.68115
333167;49;7
333500;29;5.38516
333833;41;6.40312
334167;26;5.09902
334500;46;6.78233
334833;39;6.245
335167;31;5.56776
335500;41;6.40312
335833;22;4.69042
336167;38;6.16441
336500;33;5.74456
336833;29;5.38516
337167;41;6.40312
337500;52;7.2111
337833;37;6.08276
338167;31;5.56776
338500;31;5.56776
338833;45;6.7082
339167;45;6.7082
339500;22;4.69042
339833;46;6.78233
340167;36;6
340500;35;5.91608
340833;41;6.40312
341167;29;5.38516
341500;34;5.83095
341833;26;5.09902
342167;49;7
342500;40;6.32456
342833;24;4.89898
343167;42;6.48074
343500;52;7.2111
343833;39;6.245
344167;45;6.7082
344500;27;5.19615
344833;47;6.85565
345167;34;5.83095
345500;48;6.9282
345833;40;6.32456
346167;42;6.48074
346500;46;6.78233
346833;41;6.40312
347167;43;6.55744
347500;38;6.16441
347833;26;5.09902
348167;50;7.07107
348500;31;5.56776
348833;40;6.32456
349167;47;6.85565
349500;26;5.09902
349833;41;6.40312
350167;30;5.47723
350500;44;6.63325
350833;46;6.78233
351167;27;5.19615
351500;45;6.7082
351833;24;4.89898
352167;29;5.38516
352500;33;5.74456
352833;25;5
353167;45;6.7082
353500;47;6.85565
353833;31;5.56776
354167;48;6.9282
354500;24;4.89898
354833;44;6.63325
355167;48;6.9282
355500;22;4.69042
355833;45;6.7082
356167;43;6.55744
356500;37;6.08276
356833;42;6.48074
357167;35;5.91608
357500;50;7.07107
357833;35;5.91608
358167;36;6
358500;43;6.55744
358833;28;5.2915
359167;42;6.48074
359500;29;5.38516
359833;42;6.48074
360167;44;6.63325
360500;25;5
360833;43;6.55744
361167;26;5.09902
361500;41;6.40312
361833;55;7.4162
362167;28;5.2915
362500;40;6.32456
362833;38;6.16441
363167;48;6.9282
363500;55;7.4162
363833;37;6.08276
364167;57;7.54983
364500;26;5.09902
364833;45;6.7082
365167;45;6.7082
365500;29;5.38516
365833;46;6.78233
366167;32;5.65685
366500;35;5.91608
366833;45;6.7082
367167;25;5
367500;46;6.78233
367833;23;4.79583
368167;40;6.32456
368500;50;7.07107
368833;29;5.38516
369167;53;7.28011
369500;49;7
369833;35;5.91608
370167;42;6.48074
370500;34;5.83095
370833;59;7.68115
371167;44;6.63325
371500;29;5.38516
371833;45;6.7082
372167;32;5.65685
372500;61;7.81025
372833;49;7
373167;25;5
373500;35;5.91608
373833;30;5.47723
374167;43;6.55744
374500;32;5.65685
374833;24;4.89898
375167;46;6.78233
375500;29;5.38516
375833;43;6.55744
376167;55;7.4162
376500;24;4.89898
376833;43;6.55744
377167;32;5.65685
377500;47;6.85565
377833;45;6.7082
378167;34;5.83095
378500;31;5.56776
378833;30;5.47723
379167;43;6.55744
379500;60;7.74597
379833;32;5.65685
380167;46;6.78233
380500;24;4.89898
380833;50;7.07107
381167;39;6.245
381500;25;5
381833;59;7.68115
382167;26;5.09902
382500;50;7.07107
382833;49;7
383167;30;5.47723
383500;46;6.78233
383833;31;5.56776
384167;52;7.2111
384500;49;7
384833;36;6
385167;40;6.32456
385500;51;7.14143
385833;29;5.38516
386167;47;6.85565
386500;37;6.08276
386833;42;6.48074
387167;48;6.9282
387500;34;5.83095
387833;45;6.7082
388167;29;5.38516
388500;38;6.16441
388833;49;7
389167;39;6.245
389500;50;7.07107
389833;27;5.19615
390167;51;7.14143
390500;46;6.78233
390833;35;5.91608
391167;58;7.61577
391500;38;6.16441
391833;40;6.32456
392167;38;6.16441
392500;20;4.47214
392833;53;7.28011
393167;42;6.48074
393500;58;7.61577
393833;36;6
394167;37;6.08276
394500;49;7
394833;35;5.91608
395167;49;7
395500;54;7.34847
395833;34;5.83095
396167;27;5.19615
396500;33;5.74456
396833;41;6.40312
397167;48;6.9282
397500;24;4.89898
397833;46;6.78233
398167;31;5.56776
398500;37;6.08276
398833;51;7.14143
399167;37;6.08276
399500;45;6.7082
399833;37;6.08276
400167;46;6.78233
400500;43;6.55744
400833;26;5.09902
401167;41;6.40312
401500;54;7.34847
401833;37;6.08276
402167;32;5.65685
402500;25;5
402833;46;6.78233
403167;36;6
403500;24;4.89898
403833;43;6.55744
404167;28;5.2915
404500;47;6.85565
404833;45;6.7082
405167;41;6.40312
405500;63;7.93725
405833;21;4.58258
406167;45;6.7082
406500;48;6.9282
406833;35;5.91608
407167;45;6.7082
407500;24;4.89898
407833;40;6.32456
408167;39;6.245
408500;33;5.74456
408833;47;6.85565
409167;25;5
409500;39;6.245
409833;54;7.34847
410167;24;4.89898
410500;59;7.68115
410833;26;5.09902
411167;46;6.78233
411500;46;6.78233
411833;30;5.47723
412167;42;6.48074
412500;32;5.65685
412833;50;7.07107
413167;42;6.48074
413500;27;5.19615
413833;43;6.55744
414167;26;5.09902
414500;40;6.32456
414833;55;7.4162
415167;29;5.38516
415500;55;7.4162
415833;32;5.65685
416167;42;6.48074
416500;34;5.83095
416833;31;5.56776
417167;34;5.83095
417500;44;6.63325
417833;35;5.91608
418167;36;6
418500;42;6.48074
418833;46;6.78233
419167;47;6.85565
419500;44;6.63325
419833;37;6.08276
420167;29;5.38516
420500;51;7.14143
420833;55;7.4162
421167;30;5.47723
421500;50;7.07107
421833;40;6.32456
422167;40;6.32456
422500;48;6.9282
422833;42;6.48074
423167;43;6.55744
423500;31;5.56776
423833;43;6.55744
424167;45;6.7082
424500;36;6
424833;60;7.74597
425167;29;5.38516
425500;48;6.9282
425833;49;7
426167;36;6
426500;57;7.54983
426833;34;5.83095
427167;48;6.9282
427500;49;7
427833;31;5.56776
428167;54;7.34847
428500;36;6
428833;49;7
429167;31;5.56776
429500;26;5.09902
429833;44;6.63325
430167;39;6.245
430500;52;7.2111
430833;46;6.78233
431167;34;5.83095
431500;49;7
431833;24;4.89898
432167;45;6.7082
432500;40;6.32456
432833;24;4.89898
433167;43;6.55744
433500;39;6.245
433833;38;6.16441
434167;49;7
434500;47;6.85565
434833;52;7.2111
435167;43;6.55744
435500;35;5.91608
435833;50;7.07107
436167;35;5.91608
436500;59;7.68115
436833;53;7.28011
437167;25;5
437500;47;6.85565
437833;24;4.89898
438167;51;7.14143
438500;50;7.07107
438833;30;5.47723
439167;59;7.68115
439500;34;5.83095
439833;50;7.07107
440167;52;7.2111
440500;27;5.19615
440833;42;6.48074
441167;30;5.47723
441500;50;7.07107
441833;48;6.9282
442167;41;6.40312
442500;47;6.85565
442833;30;5.47723
443167;47;6.85565
443500;51;7.14143
443833;38;6.16441
444167;47;6.85565
444500;26;5.09902
444833;47;6.85565
445167;43;6.55744
445500;40;6.32456
445833;47;6.85565
446167;25;5
446500;46;6.78233
446833;51;7.14143
447167;27;5.19615
447500;56;7.48331
447833;42;6.48074
448167;45;6.7082
448500;45;6.7082
448833;41;6.40312
449167;36;6
449500;44;6.63325
449833;32;5.65685
450167;42;6.48074
450500;26;5.09902
450833;44;6.63325
451167;54;7.34847
451500;36;6
451833;45;6.7082
452167;36;6
452500;39;6.245
452833;48;6.9282
453167;29;5.38516
453500;38;6.16441
453833;34;5.83095
454167;39;6.245
454500;50;7.07107
454833;32;5.65685
455167;44;6.63325
455500;19;4.3589
455833;59;7.68115
456167;48;6.9282
456500;25;5
456833;52;7.2111
457167;29;5.38516
457500;37;6.08276
457833;41;6.40312
458167;43;6.55744
458500;42;6.48074
458833;36;6
459167;52;7.2111
459500;61;7.81025
459833;31;5.56776
460167;54;7.34847
460500;30;5.47723
460833;50;7.07107
461167;60;7.74597
461500;40;6.32456
461833;53;7.28011
462167;21;4.58258
462500;45;6.7082
462833;49;7
463167;29;5.38516
463500;61;7.81025
463833;40;6.32456
464167;42;6.48074
464500;60;7.74597
464833;34;5.83095
465167;49;7
465500;42;6.48074
465833;34;5.83095
466167;58;7.61577
466500;27;5.19615
466833;61;7.81025
467167;61;7.81025
467500;30;5.47723
467833;39;6.245
468167;33;5.74456
468500;41;6.40312
468833;50;7.07107
469167;25;5
469500;59;7.68115
469833;27;5.19615
470167;40;6.32456
470500;57;7.54983
470833;33;5.74456
471167;45;6.7082
471500;43;6.55744
471833;43;6.55744
472167;61;7.81025
472500;33;5.74456
472833;54;7.34847
473167;34;5.83095
473500;48;6.9282
473833;57;7.54983
474167;31;5.56776
474500;38;6.16441
474833;29;5.38516
475167;54;7.34847
475500;47;6.85565
475833;33;5.74456
476167;62;7.87401
476500;29;5.38516
476833;45;6.7082
477167;52;7.2111
477500;41;6.40312
477833;47;6.85565
478167;59;7.68115
478500;56;7.48331
478833;45;6.7082
479167;33;5.74456
479500;45;6.7082
479833;31;5.56776
480167;49;7
480500;58;7.61577
480833;38;6.16441
481167;49;7
481500;49;7
481833;28;5.2915
482167;52;7.2111
482500;44;6.63325
482833;56;7.48331
483167;38;6.16441
483500;39;6.245
483833;42;6.48074
484167;42;6.48074
484500;44;6.63325
484833;50;7.07107
485167;31;5.56776
485500;41;6.40312
485833;34;5.83095
486167;58;7.61577
486500;50;7.07107
486833;35;5.91608
487167;48;6.9282
487500;34;5.83095
487833;62;7.87401
488167;53;7.28011
488500;33;5.74456
488833;39;6.245
489167;37;6.08276
489500;57;7.54983
489833;56;7.48331
490167;35;5.91608
490500;54;7.34847
490833;42;6.48074
491167;48;6.9282
491500;59;7.68115
491833;39;6.245
492167;45;6.7082
492500;41;6.40312
492833;48;6.9282
493167;65;8.06226
493500;39;6.245
493833;42;6.48074
494167;38;6.16441
494500;60;7.74597
494833;63;7.93725
495167;31;5.56776
495500;52;7.2111
495833;33;5.74456
496167;58;7.61577
496500;60;7.74597
496833;28;5.2915
497167;48;6.9282
497500;49;7
497833;36;6
498167;48;6.9282
498500;41;6.40312
498833;53;7.28011
499167;51;7.14143
499500;33;5.74456
499833;49;7
500167;30;5.47723
500500;54;7.34847
500833;48;6.9282
501167;31;5.56776
501500;53;7.28011
501833;35;5.91608
502167;57;7.54983
502500;51;7.14143
502833;47;6.85565
503167;54;7.34847
503500;26;5.09902
503833;57;7.54983
504167;58;7.61577
504500;36;6
504833;50;7.07107
505167;21;4.58258
505500;57;7.54983
505833;43;6.55744
506167;30;5.47723
506500;52;7.2111
506833;43;6.55744
507167;60;7.74597
507500;69;8.30662
507833;29;5.38516
508167;55;7.4162
508500;44;6.63325
508833;53;7.28011
509167;59;7.68115
509500;43;6.55744
509833;48;6.9282
510167;28;5.2915
510500;56;7.48331
510833;58;7.61577
511167;27;5.19615
511500;46;6.78233
511833;48;6.9282
512167;55;7.4162
512500;50;7.07107
512833;37;6.08276
513167;72;8.48528
513500;52;7.2111
513833;36;6
514167;43;6.55744
514500;35;5.91608
514833;52;7.2111
515167;58;7.61577
515500;34;5.83095
515833;50;7.07107
516167;29;5.38516
516500;57;7.54983
516833;57;7.54983
517167;50;7.07107
517500;58;7.61577
517833;34;5.83095
518167;62;7.87401
518500;59;7.68115
518833;38;6.16441
519167;55;7.4162
519500;40;6.32456
519833;63;7.93725
520167;49;7
520500;40;6.32456
520833;53;7.28011
521167;56;7.48331
521500;71;8.42615
521833;54;7.34847
522167;36;6
522500;43;6.55744
522833;36;6
523167;58;7.61577
523500;44;6.63325
523833;42;6.48074
524167;47;6.85565
524500;31;5.56776
524833;56;7.48331
525167;75;8.66025
525500;29;5.38516
525833;59;7.68115
526167;37;6.08276
526500;59;7.68115
526833;64;8
527167;33;5.74456
527500;52;7.2111
527833;35;5.91608
528167;61;7.81025
528500;67;8.18535
528833;36;6
529167;65;8.06226
529500;79;8.88819
529833;31;5.56776
530167;54;7.34847
530500;31;5.56776
530833;55;7.4162
531167;59;7.68115
531500;34;5.83095
531833;48;6.9282
532167;40;6.32456
532500;69;8.30662
532833;56;7.48331
533167;46;6.78233
533500;68;8.24621
533833;37;6.08276
534167;58;7.61577
534500;59;7.68115
534833;40;6.32456
535167;55;7.4162
535500;44;6.63325
535833;55;7.4162
536167;56;7.48331
536500;29;5.38516
536833;59;7.68115
537167;36;6
537500;59;7.68115
537833;66;8.12404
538167;37;6.08276
538500;58;7.61577
538833;46;6.78233
539167;58;7.61577
539500;61;7.81025
539833;43;6.55744
540167;56;7.48331
540500;39;6.245
540833;66;8.12404
541167;55;7.4162
541500;34;5.83095
541833;61;7.81025
542167;38;6.16441
542500;51;7.14143
542833;56;7.48331
543167;40;6.32456
543500;63;7.93725
543833;44;6.63325
544167;55;7.4162
544500;55;7.4162
544833;48;6.9282
545167;48;6.9282
545500;50;7.07107
545833;32;5.65685
546167;65;8.06226
546500;49;7
546833;59;7.68115
547167;51;7.14143
547500;32;5.65685
547833;66;8.12404
548167;38;6.16441
548500;57;7.54983
548833;66;8.12404
549167;38;6.16441
549500;63;7.93725
549833;36;6
550167;56;7.48331
550500;61;7.81025
550833;43;6.55744
551167;54;7.34847
551500;29;5.38516
551833;54;7.34847
552167;59;7.68115
552500;36;6
552833;52;7.2111
553167;35;5.91608
553500;58;7.61577
553833;62;7.87401
554167;39;6.245
554500;72;8.48528
554833;40;6.32456
555167;47;6.85565
555500;48;6.9282
555833;40;6.32456
556167;55;7.4162
556500;33;5.74456
556833;64;8
557167;50;7.07107
557500;32;5.65685
557833;54;7.34847
558167;27;5.19615
558500;51;7.14143
558833;59;7.68115
559167;28;5.2915
559500;66;8.12404
559833;30;5.47723
560167;64;8
560500;51;7.14143
560833;30;5.47723
561167;58;7.61577
561500;37;6.08276
561833;40;6.32456
562167;57;7.54983
562500;28;5.2915
562833;47;6.85565
563167;50;7.07107
563500;25;5
563833;61;7.81025
564167;41;6.40312
564500;46;6.78233
564833;50;7.07107
565167;29;5.38516
565500;46;6.78233
565833;31;5.56776
566167;52;7.2111
566500;37;6.08276
566833;29;5.38516
567167;44;6.63325
567500;28;5.2915
567833;43;6.55744
568167;38;6.16441
568500;27;5.19615
568833;52;7.2111
569167;32;5.65685
569500;50;7.07107
569833;51;7.14143
570167;22;4.69042
570500;35;5.91608
570833;26;5.09902
571167;40;6.32456
571500;50;7.07107
571833;29;5.38516
572167;43;6.55744
572500;24;4.89898
572833;33;5.74456
573167;37;6.08276
573500;32;5.65685
573833;39;6.245
574167;22;4.69042
574500;26;5.09902
574833;37;6.08276
575167;32;5.65685
575500;23;4.79583
575833;27;5.19615
576167;31;5.56776
576500;43;6.55744
576833;24;4.89898
577167;43;6.55744
577500;29;5.38516
577833;22;4.69042
578167;29;5.38516
578500;21;4.58258
578833;33;5.74456
579167;36;6
579500;17;4.12311
579833;21;4.58258
580167;18;4.24264
580500;35;5.91608
580833;26;5.09902
581167;18;4.24264
581500;34;5.83095
581833;20;4.47214
582167;23;4.79583
582500;31;5.56776
582833;15;3.87298
583167;28;5.2915
583500;21;4.58258
583833;36;6
584167;28;5.2915
584500;26;5.09902
584833;32;5.65685
585167;16;4
585500;24;4.89898
585833;24;4.89898
586167;29;5.38516
586500;20;4.47214
586833;18;4.24264
587167;16;4
587500;27;5.19615
587833;14;3.74166
588167;18;4.24264
588500;17;4.12311
588833;19;4.3589
589167;22;4.69042
589500;12;3.4641
589833;27;5.19615
590167;11;3.31662
590500;18;4.24264
590833;29;5.38516
591167;13;3.60555
591500;26;5.09902
591833;16;4
592167;23;4.79583
592500;24;4.89898
592833;21;4.58258
593167;26;5.09902
593500;16;4
593833;14;3.74166
594167;26;5.09902
594500;18;4.24264
594833;23;4.79583
595167;22;4.69042
595500;19;4.3589
595833;13;3.60555
596167;8;2.82843
596500;24;4.89898
596833;21;4.58258
597167;12;3.4641
597500;16;4
597833;12;3.4641
598167;17;4.12311
598500;15;3.87298
598833;9;3
599167;22;4.69042
599500;6;2.44949
599833;16;4
600167;12;3.4641
600500;9;3
600833;19;4.3589
601167;12;3.4641
601500;21;4.58258
601833;13;3.60555
602167;10;3.16228
602500;28;5.2915
602833;12;3.4641
603167;20;4.47214
603500;14;3.74166
603833;10;3.16228
604167;4;2
604500;9;3
604833;18;4.24264
605167;23;4.79583
605500;8;2.82843
605833;16;4
606167;6;2.44949
606500;19;4.3589
606833;18;4.24264
607167;10;3.16228
607500;15;3.87298
607833;4;2
608167;12;3.4641
608500;11;3.31662
608833;8;2.82843
609167;21;4.58258
609500;16;4
609833;7;2.64575
610167;13;3.60555
610500;9;3
610833;8;2.82843
611167;11;3.31662
611500;7;2.64575
611833;18;4.24264
612167;7;2.64575
612500;10;3.16228
612833;13;3.60555
613167;8;2.82843
613500;12;3.4641
613833;10;3.16228
614167;9;3
614500;15;3.87298
614833;7;2.64575
615167;10;3.16228
615500;6;2.44949
615833;9;3
616167;14;3.74166
616500;11;3.31662
616833;12;3.4641
617167;4;2
617500;10;3.16228
617833;10;3.16228
618167;4;2
618500;4;2
618833;8;2.82843
619167;9;3
619500;13;3.60555
619833;11;3.31662
620167;13;3.60555
620500;5;2.23607
620833;11;3.31662
621167;16;4
621500;5;2.23607
621833;6;2.44949
622167;7;2.64575
622500;10;3.16228
622833;10;3.16228
623167;7;2.64575
623500;12;3.4641
623833;1;1
624167;10;3.16228
624500;13;3.60555
624833;8;2.82843
625167;13;3.60555
625500;5;2.23607
625833;3;1.73205
626167;7;2.64575
626500;4;2
626833;11;3.31662
627167;7;2.64575
627500;4;2
627833;13;3.60555
628167;5;2.23607
628500;9;3
628833;11;3.31662
629167;8;2.82843
629500;10;3.16228
629833;7;2.64575
630167;14;3.74166
630500;8;2.82843
630833;8;2.82843
631167;9;3
631500;4;2
631833;10;3.16228
632167;7;2.64575
632500;4;2
632833;7;2.64575
633167;6;2.44949
633500;8;2.82843
633833;6;2.44949
634167;3;1.73205
634500;14;3.74166
634833;6;2.44949
635167;10;3.16228
635500;5;2.23607
635833;5;2.23607
636167;7;2.64575
636500;4;2
636833;7;2.64575
637167;8;2.82843
637500;5;2.23607
637833;10;3.16228
638167;6;2.44949
638500;10;3.16228
638833;8;2.82843
639167;3;1.73205
639500;8;2.82843
639833;5;2.23607
640167;8;2.82843
640500;7;2.64575
640833;3;1.73205
641167;11;3.31662
641500;3;1.73205
641833;3;1.73205
642167;12;3.4641
642500;4;2
642833;6;2.44949
643167;8;2.82843
643500;4;2
643833;13;3.60555
644167;4;2
644500;8;2.82843
644833;10;3.16228
645167;4;2
645500;8;2.82843
645833;2;1.41421
646167;8;2.82843
646500;6;2.44949
646833;4;2
647167;14;3.74166
647500;4;2
647833;9;3
648167;6;2.44949
648500;4;2
648833;10;3.16228
649167;8;2.82843
649500;13;3.60555
649833;9;3
650167;9;3
650500;9;3
650833;8;2.82843
651167;14;3.74166
651500;11;3.31662
651833;7;2.64575
652167;12;3.4641
652500;6;2.44949
652833;11;3.31662
653167;13;3.60555
653500;7;2.64575
653833;13;3.60555
654167;10;3.16228
654500;18;4.24264
654833;9;3
655167;6;2.44949
655500;13;3.60555
655833;8;2.82843
656167;14;3.74166
656500;16;4
656833;8;2.82843
657167;16;4
657500;15;3.87298
657833;8;2.82843
658167;20;4.47214
658500;9;3
658833;21;4.58258
659167;17;4.12311
659500;15;3.87298
659833;13;3.60555
660167;16;4
660500;16;4
660833;23;4.79583
661167;18;4.24264
661500;20;4.47214
661833;12;3.4641
662167;17;4.12311
662500;27;5.19615
662833;21;4.58258
663167;19;4.3589
663500;18;4.24264
663833;33;5.74456
664167;19;4.3589
664500;15;3.87298
664833;27;5.19615
665167;21;4.58258
665500;37;6.08276
665833;41;6.40312
666167;30;5.47723
666500;47;6.85565
666833;26;5.09902
667167;33;5.74456
667500;54;7.34847
667833;34;5.83095
668167;35;5.91608
668500;22;4.69042
668833;43;6.55744
669167;44;6.63325
669500;21;4.58258
669833;51;7.14143
670167;39;6.245
670500;59;7.68115
670833;57;7.54983
671167;27;5.19615
671500;51;7.14143
671833;38;6.16441
672167;68;8.24621
672500;74;8.60233
672833;44;6.63325
673167;49;7
673500;67;8.18535
673833;60;7.74597
674167;75;8.66025
674500;51;7.14143
674833;72;8.48528
675167;73;8.544
675500;52;7.2111
675833;83;9.11043
676167;52;7.2111
676500;75;8.66025
676833;89;9.43398
677167;60;7.74597
677500;95;9.74679
677833;51;7.14143
678167;74;8.60233
678500;95;9.74679
678833;73;8.544
679167;111;10.5357
679500;62;7.87401
679833;111;10.5357
680167;117;10.8167
680500;68;8.24621
680833;115;10.7238
681167;93;9.64365
681500;131;11.4455
681833;91;9.53939
682167;85;9.21954
682500;135;11.619
682833;74;8.60233
683167;130;11.4018
683500;147;12.1244
683833;87;9.32738
684167;144;12
684500;84;9.16515
684833;139;11.7898
685167;152;12.3288
685500;96;9.79796
685833;120;10.9545
686167;119;10.9087
686500;140;11.8322
686833;156;12.49
687167;111;10.5357
687500;124;11.1355
687833;99;9.94987
688167;160;12.6491
688500;174;13.1909
688833;107;10.3441
689167;157;12.53
689500;162;12.7279
689833;109;10.4403
690167;177;13.3041
690500;124;11.1355
690833;183;13.5277
691167;178;13.3417
691500;130;11.4018
691833;178;13.3417
692167;154;12.4097
692500;210;14.4914
692833;159;12.6095
693167;116;10.7703
693500;211;14.5258
693833;112;10.583
694167;191;13.8203
694500;197;14.0357
694833;123;11.0905
695167;199;14.1067
695500;139;11.7898
695833;184;13.5647
696167;190;13.784
696500;132;11.4891
696833;191;13.8203
697167;136;11.6619
697500;216;14.6969
697833;198;14.0712
698167;151;12.2882
698500;200;14.1421
698833;138;11.7473
699167;210;14.4914
699500;188;13.7113
699833;139;11.7898
700167;198;14.0712
700500;174;13.1909
700833;218;14.7648
701167;202;14.2127
701500;132;11.4891
701833;210;14.4914
702167;124;11.1355
702500;199;14.1067
702833;171;13.0767
703167;142;11.9164
703500;198;14.0712
703833;125;11.1803
704167;167;12.9228
704500;196;14
704833;103;10.1489
705167;212;14.5602
705500;198;14.0712
705833;105;10.247
706167;153;12.3693
706500;136;11.6619
706833;184;13.5647
707167;181;13.4536
707500;144;12
707833;195;13.9642
708167;128;11.3137
708500;193;13.8924
708833;178;13.3417
709167;100;10
709500;159;12.6095
709833;106;10.2956
710167;185;13.6015
710500;154;12.4097
710833;98;9.89949
711167;183;13.5277
711500;109;10.4403
711833;122;11.0454
712167;118;10.8628
712500;98;9.89949
712833;129;11.3578
713167;81;9
713500;141;11.8743
713833;137;11.7047
714167;100;10
714500;112;10.583
714833;84;9.16515
715167;113;10.6301
715500;106;10.2956
715833;76;8.7178
716167;105;10.247
716500;83;9.11043
716833;113;10.6301
717167;97;9.84886
717500;84;9.16515
717833;90;9.48683
718167;90;9.48683
718500;84;9.16515
718833;114;10.6771
719167;51;7.14143
719500;73;8.544
719833;62;7.87401
720167;96;9.79796
720500;70;8.3666
720833;34;5.83095
721167;75;8.66025
721500;77;8.77496
721833;45;6.7082
722167;62;7.87401
722500;50;7.07107
722833;70;8.3666
723167;68;8.24621
723500;55;7.4162
723833;64;8
724167;48;6.9282
724500;57;7.54983
724833;71;8.42615
725167;38;6.16441
725500;46;6.78233
725833;44;6.63325
726167;53;7.28011
726500;39;6.245
726833;32;5.65685
727167;40;6.32456
727500;24;4.89898
727833;40;6.32456
728167;42;6.48074
728500;24;4.89898
728833;32;5.65685
729167;14;3.74166
729500;30;5.47723
729833;23;4.79583
730167;24;4.89898
730500;27;5.19615
730833;19;4.3589
731167;29;5.38516
731500;27;5.19615
731833;19;4.3589
732167;25;5
732500;16;4
732833;23;4.79583
733167;14;3.74166
733500;8;2.82843
733833;27;5.19615
734167;14;3.74166
734500;23;4.79583
734833;14;3.74166
735167;10;3.16228
735500;17;4.12311
735833;4;2
736167;14;3.74166
736500;16;4
736833;7;2.64575
737167;9;3
737500;26;5.09902
737833;7;2.64575
738167;18;4.24264
738500;9;3
738833;13;3.60555
739167;14;3.74166
739500;7;2.64575
739833;10;3.16228
740167;12;3.4641
740500;10;3.16228
740833;11;3.31662
741167;7;2.64575
741500;9;3
741833;7;2.64575
742167;9;3
742500;7;2.64575
742833;2;1.41421
743167;15;3.87298
743500;8;2.82843
743833;8;2.82843
744167;4;2
744500;4;2
744833;8;2.82843
745167;4;2
745500;4;2
745833;6;2.44949
746167;1;1
746500;7;2.64575
746833;4;2
747167;5;2.23607
747500;6;2.44949
747833;3;1.73205
748167;4;2
748500;3;1.73205
748833;5;2.23607
749167;8;2.82843
749500;2;1.41421
749833;7;2.64575
750167;0;0
750500;5;2.23607
750833;8;2.82843
751167;2;1.41421
751500;2;1.41421
751833;2;1.41421
752167;3;1.73205
752500;4;2
752833;4;2
753167;4;2
753500;5;2.23607
753833;3;1.73205
754167;5;2.23607
754500;1;1
754833;1;1
755167;4;2
755500;5;2.23607
755833;4;2
756167;2;1.41421
756500;3;1.73205
756833;2;1.41421
757167;2;1.41421
757500;3;1.73205
757833;0;0
758167;4;2
758500;5;2.23607
758833;1;1
759167;4;2
759500;4;2
759833;3;1.73205
760167;3;1.73205
760500;3;1.73205
760833;5;2.23607
761167;3;1.73205
761500;2;1.41421
761833;3;1.73205
762167;3;1.73205
762500;1;1
762833;2;1.41421
763167;1;1
763500;2;1.41421
763833;3;1.73205
764167;3;1.73205
764500;0;0
764833;7;2.64575
765167;3;1.73205
765500;1;1
765833;3;1.73205
766167;0;0
766500;6;2.44949
766833;5;2.23607
767167;1;1
767500;4;2
767833;6;2.44949
768167;3;1.73205
768500;4;2
768833;2;1.41421
769167;3;1.73205
769500;5;2.23607
769833;5;2.23607
770167;6;2.44949
770500;1;1
770833;3;1.73205
771167;4;2
771500;2;1.41421
771833;5;2.23607
772167;4;2
772500;3;1.73205
772833;7;2.64575
773167;3;1.73205
773500;6;2.44949
773833;2;1.41421
774167;4;2
774500;1;1
774833;2;1.41421
775167;4;2
775500;4;2
775833;4;2
776167;6;2.44949
776500;2;1.41421
776833;3;1.73205
777167;3;1.73205
777500;3;1.73205
777833;2;1.41421
778167;0;0
778500;3;1.73205
778833;6;2.44949
779167;9;3
779500;3;1.73205
779833;4;2
780167;5;2.23607
780500;3;1.73205
780833;5;2.23607
781167;2;1.41421
781500;1;1
781833;4;2
782167;3;1.73205
782500;2;1.41421
782833;4;2
783167;6;2.44949
783500;2;1.41421
783833;3;1.73205
784167;4;2
784500;4;2
784833;2;1.41421
785167;5;2.23607
785500;4;2
785833;4;2
786167;2;1.41421
786500;1;1
786833;4;2
787167;8;2.82843
787500;1;1
787833;3;1.73205
788167;4;2
788500;2;1.41421
788833;4;2
789167;4;2
789500;2;1.41421
789833;3;1.73205
790167;2;1.41421
790500;7;2.64575
790833;2;1.41421
791167;2;1.41421
791500;3;1.73205
791833;4;2
792167;3;1.73205
792500;4;2
792833;3;1.73205
793167;4;2
793500;0;0
793833;3;1.73205
794167;8;2.82843
794500;10;3.16228
794833;3;1.73205
795167;2;1.41421
795500;2;1.41421
795833;2;1.41421
796167;7;2.64575
796500;2;1.41421
796833;6;2.44949
797167;3;1.73205
797500;4;2
797833;1;1
798167;1;1
798500;8;2.82843
798833;3;1.73205
799167;6;2.44949
799500;4;2
799833;2;1.41421
800167;5;2.23607
800500;4;2
800833;6;2.44949
801167;1;1
801500;5;2.23607
801833;2;1.41421
802167;5;2.23607
802500;0;0
802833;6;2.44949
803167;6;2.44949
803500;2;1.41421
803833;7;2.64575
804167;3;1.73205
804500;6;2.44949
804833;7;2.64575
805167;2;1.41421
805500;3;1.73205
805833;1;1
806167;1;1
806500;3;1.73205
806833;2;1.41421
807167;0;0
807500;3;1.73205
807833;4;2
808167;1;1
808500;3;1.73205
808833;1;1
809167;2;1.41421
809500;6;2.44949
809833;4;2
810167;4;2
810500;1;1
810833;2;1.41421
811167;6;2.44949
811500;2;1.41421
811833;7;2.64575
812167;2;1.41421
812500;2;1.41421
812833;3;1.73205
813167;11;3.31662
813500;5;2.23607
813833;4;2
814167;4;2
814500;4;2
814833;3;1.73205
815167;5;2.23607
815500;3;1.73205
815833;1;1
816167;1;1
816500;4;2
816833;3;1.73205
817167;5;2.23607
817500;2;1.41421
817833;3;1.73205
818167;4;2
818500;2;1.41421
818833;1;1
819167;3;1.73205
819500;2;1.41421
819833;8;2.82843
820167;5;2.23607
820500;4;2
820833;5;2.23607
821167;2;1.41421
821500;3;1.73205
821833;0;0
822167;7;2.64575
822500;2;1.41421
822833;4;2
823167;7;2.64575
823500;4;2
823833;3;1.73205
824167;1;1
824500;2;1.41421
824833;4;2
825167;3;1.73205
825500;2;1.41421
825833;3;1.73205
826167;3;1.73205
826500;1;1
826833;0;0
827167;3;1.73205
827500;4;2
827833;1;1
828167;5;2.23607
828500;0;0
828833;2;1.41421
829167;6;2.44949
829500;1;1
829833;5;2.23607
830167;2;1.41421
830500;2;1.41421
830833;1;1
831167;0;0
831500;1;1
831833;0;0
832167;4;2
832500;5;2.23607
832833;0;0
833167;4;2
833500;2;1.41421
833833;1;1
834167;2;1.41421
834500;2;1.41421
834833;2;1.41421
835167;1;1
835500;1;1
835833;3;1.73205
836167;3;1.73205
836500;1;1
836833;3;1.73205
837167;3;1.73205
837500;3;1.73205
837833;2;1.41421
838167;0;0
838500;2;1.41421
838833;2;1.41421
839167;1;1
839500;1;1
839833;4;2
840167;2;1.41421
840500;1;1
840833;1;1
841167;2;1.41421
841500;1;1
841833;1;1
842167;0;0
842500;2;1.41421
842833;0;0
843167;3;1.73205
843500;4;2
843833;2;1.41421
844167;5;2.23607
844500;0;0
844833;2;1.41421
845167;3;1.73205
845500;0;0
845833;4;2
846167;0;0
846500;1;1
846833;4;2
847167;3;1.73205
847500;2;1.41421
847833;0;0
848167;3;1.73205
848500;2;1.41421
848833;1;1
849167;1;1
849500;4;2
849833;2;1.41421
850167;4;2
850500;2;1.41421
850833;0;0
851167;0;0
851500;2;1.41421
851833;1;1
852167;1;1
852500;3;1.73205
852833;1;1
853167;2;1.41421
853500;4;2
853833;0;0
854167;3;1.73205
854500;2;1.41421
854833;2;1.41421
855167;0;0
855500;1;1
855833;2;1.41421
856167;0;0
856500;4;2
856833;0;0
857167;1;1
857500;2;1.41421
857833;2;1.41421
858167;2;1.41421
858500;1;1
858833;4;2
859167;3;1.73205
859500;5;2.23607
859833;3;1.73205
860167;3;1.73205
860500;1;1
860833;2;1.41421
861167;1;1
861500;0;0
861833;3;1.73205
862167;1;1
862500;2;1.41421
862833;0;0
863167;0;0
863500;1;1
863833;1;1
864167;1;1
864500;0;0
864833;3;1.73205
865167;1;1
865500;1;1
865833;1;1
866167;3;1.73205
866500;2;1.41421
866833;1;1
867167;2;1.41421
867500;0;0
867833;0;0
868167;1;1
868500;3;1.73205
868833;3;1.73205
869167;3;1.73205
869500;3;1.73205
869833;0;0
870167;1;1
870500;4;2
870833;2;1.41421
871167;0;0
871500;1;1
871833;1;1
872167;4;2
872500;0;0
872833;2;1.41421
873167;0;0
873500;4;2
873833;2;1.41421
874167;2;1.41421
874500;5;2.23607
874833;0;0
875167;2;1.41421
875500;3;1.73205
875833;0;0
876167;2;1.41421
876500;4;2
876833;2;1.41421
877167;2;1.41421
877500;2;1.41421
877833;1;1
878167;1;1
878500;3;1.73205
878833;1;1
879167;0;0
879500;0;0
879833;1;1
880167;0;0
880500;0;0
880833;2;1.41421
881167;1;1
881500;0;0
881833;2;1.41421
882167;4;2
882500;1;1
882833;0;0
883167;1;1
883500;0;0
883833;1;1
884167;0;0
884500;0;0
884833;0;0
885167;0;0
885500;1;1
885833;1;1
886167;3;1.73205
886500;1;1
886833;0;0
887167;0;0
887500;1;1
887833;1;1
888167;1;1
888500;1;1
888833;0;0
889167;0;0
889500;2;1.41421
889833;1;1
890167;0;0
890500;3;1.73205
890833;3;1.73205
891167;3;1.73205
891500;1;1
891833;2;1.41421
892167;1;1
892500;1;1
892833;0;0
893167;1;1
893500;1;1
893833;2;1.41421
894167;0;0
894500;1;1
894833;0;0
895167;0;0
895500;2;1.41421
895833;2;1.41421
896167;2;1.41421
896500;2;1.41421
896833;0;0
897167;4;2
897500;0;0
897833;0;0
898167;2;1.41421
898500;2;1.41421
898833;0;0
899167;1;1
899500;0;0
899833;0;0
900167;1;1
900500;0;0
900833;0;0
901167;0;0
901500;1;1
901833;1;1
902167;1;1
902500;2;1.41421
902833;0;0
903167;2;1.41421
903500;0;0
903833;2;1.41421
904167;0;0
904500;0;0
904833;1;1
905167;1;1
905500;2;1.41421
905833;0;0
906167;0;0
906500;1;1
906833;0;0
907167;0;0
907500;0;0
907833;0;0
908167;2;1.41421
908500;1;1
908833;0;0
909167;0;0
909500;1;1
909833;0;0
910167;0;0
910500;0;0
910833;1;1
911167;0;0
911500;0;0
911833;1;1
912167;1;1
912500;0;0
912833;0;0
913167;2;1.41421
913500;5;2.23607
913833;0;0
914167;0;0
914500;0;0
914833;1;1
915167;0;0
915500;1;1
915833;1;1
916167;0;0
916500;2;1.41421
916833;1;1
917167;2;1.41421
917500;0;0
917833;1;1
918167;0;0
918500;0;0
918833;0;0
919167;1;1
919500;0;0
919833;1;1
920167;0;0
920500;1;1
920833;1;1
921167;1;1
921500;0;0
921833;1;1
922167;0;0
922500;1;1
922833;1;1
923167;1;1
923500;0;0
923833;0;0
924167;0;0
924500;0;0
924833;0;0
925167;0;0
925500;0;0
925833;0;0
926167;0;0
926500;0;0
926833;0;0
927167;1;1
927500;0;0
927833;0;0
928167;1;1
928500;0;0
928833;1;1
929167;0;0
929500;0;0
929833;0;0
930167;2;1.41421
930500;0;0
930833;0;0
931167;1;1
931500;1;1
931833;0;0
932167;1;1
932500;0;0
932833;0;0
933167;0;0
933500;0;0
933833;0;0
934167;0;0
934500;1;1
934833;0;0
935167;0;0
935500;0;0
935833;2;1.41421
936167;1;1
936500;0;0
936833;2;1.41421
937167;0;0
937500;0;0
937833;1;1
938167;0;0
938500;0;0
938833;0;0
939167;0;0
939500;1;1
939833;2;1.41421
940167;2;1.41421
940500;2;1.41421
940833;1;1
941167;1;1
941500;1;1
941833;0;0
942167;1;1
942500;1;1
942833;3;1.73205
943167;0;0
943500;1;1
943833;0;0
944167;0;0
944500;0;0
944833;0;0
945167;1;1
945500;5;2.23607
945833;1;1
946167;1;1
946500;0;0
946833;1;1
947167;0;0
947500;0;0
947833;1;1
948167;2;1.41421
948500;2;1.41421
948833;1;1
949167;2;1.41421
949500;2;1.41421
949833;2;1.41421
950167;3;1.73205
950500;3;1.73205
950833;1;1
951167;0;0
951500;0;0
951833;1;1
952167;1;1
952500;0;0
952833;2;1.41421
953167;1;1
953500;4;2
953833;4;2
954167;0;0
954500;0;0
954833;0;0
955167;2;1.41421
955500;1;1
955833;2;1.41421
956167;3;1.73205
956500;3;1.73205
956833;3;1.73205
957167;4;2
957500;2;1.41421
957833;0;0
958167;4;2
958500;0;0
958833;4;2
959167;1;1
959500;2;1.41421
959833;0;0
960167;1;1
960500;4;2
960833;0;0
961167;1;1
961500;1;1
961833;3;1.73205
962167;3;1.73205
962500;1;1
962833;5;2.23607
963167;3;1.73205
963500;0;0
963833;1;1
964167;1;1
964500;1;1
964833;6;2.44949
965167;0;0
965500;2;1.41421
965833;2;1.41421
966167;2;1.41421
966500;5;2.23607
966833;2;1.41421
967167;4;2
967500;1;1
967833;3;1.73205
968167;1;1
968500;2;1.41421
968833;1;1
969167;4;2
969500;2;1.41421
969833;1;1
970167;5;2.23607
970500;3;1.73205
970833;3;1.73205
971167;2;1.41421
971500;4;2
971833;1;1
972167;2;1.41421
972500;1;1
972833;3;1.73205
973167;3;1.73205
973500;4;2
973833;6;2.44949
974167;2;1.41421
974500;3;1.73205
974833;1;1
975167;2;1.41421
975500;3;1.73205
975833;3;1.73205
976167;2;1.41421
976500;3;1.73205
976833;1;1
977167;4;2
977500;0;0
977833;1;1
978167;1;1
978500;1;1
978833;4;2
979167;3;1.73205
979500;1;1
979833;3;1.73205
980167;0;0
980500;7;2.64575
980833;4;2
981167;2;1.41421
981500;6;2.44949
981833;4;2
982167;2;1.41421
982500;4;2
982833;1;1
983167;3;1.73205
983500;1;1
983833;4;2
984167;1;1
984500;4;2
984833;2;1.41421
985167;3;1.73205
985500;1;1
985833;6;2.44949
986167;0;0
986500;0;0
986833;1;1
987167;4;2
987500;4;2
987833;1;1
988167;2;1.41421
988500;4;2
988833;5;2.23607
989167;1;1
989500;2;1.41421
989833;4;2
990167;0;0
990500;1;1
990833;1;1
991167;3;1.73205
991500;4;2
991833;0;0
992167;2;1.41421
992500;4;2
992833;2;1.41421
993167;2;1.41421
993500;2;1.41421
993833;2;1.41421
994167;6;2.44949
994500;1;1
994833;4;2
995167;3;1.73205
995500;2;1.41421
995833;2;1.41421
996167;1;1
996500;4;2
996833;3;1.73205
997167;2;1.41421
997500;2;1.41421
997833;4;2
998167;4;2
998500;1;1
998833;4;2
999167;0;0
999500;3;1.73205
999833;0;0
